Packet number,Element 11, Element 12, Element 13, Element 21, Element 22, Element 23, Element 31, Element 32, Element 33
0,-0.8437562,-0.3165127,0.4334687,-0.5022363,0.7504361,-0.4296559,-0.189299,-0.5802286,-0.7921494
4,-0.8437562,-0.3165127,0.4334687,-0.5022363,0.7504361,-0.4296559,-0.189299,-0.5802286,-0.7921494
8,-0.8437562,-0.3165127,0.4334687,-0.5022363,0.7504361,-0.4296559,-0.189299,-0.5802286,-0.7921494
12,-0.8437562,-0.3165127,0.4334687,-0.5022363,0.7504361,-0.4296559,-0.189299,-0.5802286,-0.7921494
16,-0.8437727,-0.3165486,0.4334106,-0.5022228,0.7504632,-0.4296249,-0.1892615,-0.5801744,-0.7921981
21,-0.8437727,-0.3165486,0.4334106,-0.5022228,0.7504632,-0.4296249,-0.1892615,-0.5801744,-0.7921981
25,-0.8437727,-0.3165486,0.4334106,-0.5022228,0.7504632,-0.4296249,-0.1892615,-0.5801744,-0.7921981
29,-0.8437727,-0.3165486,0.4334106,-0.5022228,0.7504632,-0.4296249,-0.1892615,-0.5801744,-0.7921981
33,-0.8437727,-0.3165486,0.4334106,-0.5022228,0.7504632,-0.4296249,-0.1892615,-0.5801744,-0.7921981
37,-0.8437727,-0.3165486,0.4334106,-0.5022228,0.7504632,-0.4296249,-0.1892615,-0.5801744,-0.7921981
41,-0.8437753,-0.3165329,0.4334168,-0.5022247,0.7504335,-0.4296739,-0.1892446,-0.5802209,-0.792168
45,-0.8437753,-0.3165329,0.4334168,-0.5022247,0.7504335,-0.4296739,-0.1892446,-0.5802209,-0.792168
49,-0.8437753,-0.3165329,0.4334168,-0.5022247,0.7504335,-0.4296739,-0.1892446,-0.5802209,-0.792168
53,-0.8437753,-0.3165329,0.4334168,-0.5022247,0.7504335,-0.4296739,-0.1892446,-0.5802209,-0.792168
57,-0.8437753,-0.3165329,0.4334168,-0.5022247,0.7504335,-0.4296739,-0.1892446,-0.5802209,-0.792168
61,-0.8438004,-0.3164808,0.433406,-0.5021753,0.7504575,-0.4296902,-0.189264,-0.5802185,-0.7921652
65,-0.843803,-0.3164651,0.4334123,-0.5021771,0.750428,-0.4297393,-0.1892472,-0.5802651,-0.7921351
69,-0.843803,-0.3164651,0.4334123,-0.5021771,0.750428,-0.4297393,-0.1892472,-0.5802651,-0.7921351
73,-0.8438196,-0.3165009,0.4333541,-0.5021636,0.750455,-0.4297083,-0.1892097,-0.5802109,-0.7921837
77,-0.8438196,-0.3165009,0.4333541,-0.5021636,0.750455,-0.4297083,-0.1892097,-0.5802109,-0.7921837
81,-0.8438196,-0.3165009,0.4333541,-0.5021636,0.750455,-0.4297083,-0.1892097,-0.5802109,-0.7921837
85,-0.8438196,-0.3165009,0.4333541,-0.5021636,0.750455,-0.4297083,-0.1892097,-0.5802109,-0.7921837
89,-0.8438386,-0.316521,0.4333022,-0.502152,0.7504522,-0.4297263,-0.1891552,-0.5802032,-0.7922023
93,-0.8438386,-0.316521,0.4333022,-0.502152,0.7504522,-0.4297263,-0.1891552,-0.5802032,-0.7922023
97,-0.8438386,-0.316521,0.4333022,-0.502152,0.7504522,-0.4297263,-0.1891552,-0.5802032,-0.7922023
101,-0.8438386,-0.316521,0.4333022,-0.502152,0.7504522,-0.4297263,-0.1891552,-0.5802032,-0.7922023
105,-0.8438386,-0.316521,0.4333022,-0.502152,0.7504522,-0.4297263,-0.1891552,-0.5802032,-0.7922023
109,-0.8438386,-0.316521,0.4333022,-0.502152,0.7504522,-0.4297263,-0.1891552,-0.5802032,-0.7922023
113,-0.84383,-0.3166088,0.4332549,-0.502188,0.7504553,-0.4296791,-0.1890983,-0.5801515,-0.7922538
117,-0.8438109,-0.3165887,0.4333068,-0.5021996,0.7504578,-0.429661,-0.1891526,-0.5801591,-0.7922352
121,-0.8438135,-0.316573,0.4333131,-0.5022015,0.7504283,-0.4297101,-0.1891358,-0.5802057,-0.7922051
125,-0.8438109,-0.3165887,0.4333068,-0.5021996,0.7504578,-0.429661,-0.1891526,-0.5801591,-0.7922352
130,-0.8438109,-0.3165887,0.4333068,-0.5021996,0.7504578,-0.429661,-0.1891526,-0.5801591,-0.7922352
134,-0.8438109,-0.3165887,0.4333068,-0.5021996,0.7504578,-0.429661,-0.1891526,-0.5801591,-0.7922352
138,-0.8438109,-0.3165887,0.4333068,-0.5021996,0.7504578,-0.429661,-0.1891526,-0.5801591,-0.7922352
142,-0.8438109,-0.3165887,0.4333068,-0.5021996,0.7504578,-0.429661,-0.1891526,-0.5801591,-0.7922352
146,-0.8438109,-0.3165887,0.4333068,-0.5021996,0.7504578,-0.429661,-0.1891526,-0.5801591,-0.7922352
150,-0.8438109,-0.3165887,0.4333068,-0.5021996,0.7504578,-0.429661,-0.1891526,-0.5801591,-0.7922352
154,-0.8437918,-0.3165686,0.4333586,-0.5022112,0.7504604,-0.4296429,-0.189207,-0.5801668,-0.7922167
158,-0.8437918,-0.3165686,0.4333586,-0.5022112,0.7504604,-0.4296429,-0.189207,-0.5801668,-0.7922167
162,-0.8437918,-0.3165686,0.4333586,-0.5022112,0.7504604,-0.4296429,-0.189207,-0.5801668,-0.7922167
166,-0.8437944,-0.316553,0.433365,-0.5022132,0.7504311,-0.4296921,-0.1891903,-0.5802134,-0.7921866
170,-0.8437753,-0.3165329,0.4334168,-0.5022247,0.7504335,-0.4296739,-0.1892446,-0.5802209,-0.792168
174,-0.8437727,-0.3165486,0.4334106,-0.5022228,0.7504632,-0.4296249,-0.1892615,-0.5801744,-0.7921981
178,-0.8437727,-0.3165486,0.4334106,-0.5022228,0.7504632,-0.4296249,-0.1892615,-0.5801744,-0.7921981
182,-0.8437536,-0.3165284,0.4334624,-0.5022344,0.7504655,-0.4296068,-0.1893158,-0.580182,-0.7921795
186,-0.8437474,-0.316517,0.4334828,-0.502251,0.7504222,-0.4296633,-0.1892993,-0.5802445,-0.7921377
190,-0.8437223,-0.316569,0.4334937,-0.5023006,0.7503983,-0.4296471,-0.1892799,-0.580247,-0.7921405
194,-0.8437032,-0.3165489,0.4335455,-0.5023121,0.750401,-0.4296291,-0.1893343,-0.5802546,-0.7921219
198,-0.8437032,-0.3165489,0.4335455,-0.5023121,0.750401,-0.4296291,-0.1893343,-0.5802546,-0.7921219
202,-0.8437032,-0.3165489,0.4335455,-0.5023121,0.750401,-0.4296291,-0.1893343,-0.5802546,-0.7921219
206,-0.8436841,-0.3165288,0.4335974,-0.5023237,0.7504033,-0.4296109,-0.1893887,-0.5802621,-0.7921034
210,-0.8436841,-0.3165288,0.4335974,-0.5023237,0.7504033,-0.4296109,-0.1893887,-0.5802621,-0.7921034
214,-0.8436841,-0.3165288,0.4335974,-0.5023237,0.7504033,-0.4296109,-0.1893887,-0.5802621,-0.7921034
218,-0.8436841,-0.3165288,0.4335974,-0.5023237,0.7504033,-0.4296109,-0.1893887,-0.5802621,-0.7921034
222,-0.8436841,-0.3165288,0.4335974,-0.5023237,0.7504033,-0.4296109,-0.1893887,-0.5802621,-0.7921034
226,-0.8436841,-0.3165288,0.4335974,-0.5023237,0.7504033,-0.4296109,-0.1893887,-0.5802621,-0.7921034
230,-0.8436589,-0.3165809,0.4336083,-0.5023732,0.7503795,-0.4295947,-0.1893693,-0.5802646,-0.7921062
234,-0.8437006,-0.3165646,0.4335392,-0.5023102,0.7504302,-0.4295799,-0.1893511,-0.5802079,-0.7921521
239,-0.8437006,-0.3165646,0.4335392,-0.5023102,0.7504302,-0.4295799,-0.1893511,-0.5802079,-0.7921521
243,-0.8437197,-0.3165847,0.4334873,-0.5022986,0.7504276,-0.4295979,-0.1892967,-0.5802003,-0.7921706
247,-0.8437285,-0.3165805,0.4334733,-0.5022839,0.7504417,-0.4295906,-0.1892964,-0.5801844,-0.7921823
251,-0.8437449,-0.3166163,0.4334151,-0.5022704,0.7504686,-0.4295595,-0.1892589,-0.5801302,-0.792231
255,-0.8437892,-0.3165843,0.4333523,-0.5022093,0.7504899,-0.4295938,-0.1892239,-0.5801201,-0.7922468
259,-0.8437892,-0.3165843,0.4333523,-0.5022093,0.7504899,-0.4295938,-0.1892239,-0.5801201,-0.7922468
263,-0.8438144,-0.3166159,0.4332801,-0.5021811,0.7505309,-0.4295554,-0.189186,-0.5800501,-0.7923071
267,-0.8438336,-0.3166359,0.4332282,-0.5021695,0.7505281,-0.4295734,-0.1891316,-0.5800424,-0.7923257
271,-0.8438526,-0.316656,0.4331763,-0.5021579,0.7505255,-0.4295914,-0.1890772,-0.5800348,-0.7923443
275,-0.843897,-0.3167076,0.4330522,-0.5021181,0.7505637,-0.4295711,-0.1889849,-0.5799571,-0.7924232
279,-0.8439161,-0.3167277,0.4330003,-0.5021065,0.7505614,-0.4295892,-0.1889305,-0.5799495,-0.7924417
283,-0.8439325,-0.3167634,0.4329421,-0.502093,0.7505881,-0.4295581,-0.1888929,-0.5798952,-0.7924904
287,-0.8439795,-0.3167993,0.4328243,-0.5020551,0.7505969,-0.4295868,-0.1887838,-0.579864,-0.7925392
291,-0.844021,-0.316783,0.4327551,-0.5019921,0.7506477,-0.4295719,-0.1887655,-0.5798074,-0.792585
295,-0.8440489,-0.3167988,0.4326892,-0.5019658,0.750659,-0.4295825,-0.1887108,-0.5797838,-0.7926152
299,-0.844068,-0.3168189,0.4326373,-0.5019542,0.7506565,-0.4296006,-0.1886564,-0.5797762,-0.7926338
303,-0.8440844,-0.3168547,0.4325791,-0.5019407,0.7506835,-0.4295695,-0.1886188,-0.579722,-0.7926824
307,-0.8440844,-0.3168547,0.4325791,-0.5019407,0.7506835,-0.4295695,-0.1886188,-0.579722,-0.7926824
311,-0.8441123,-0.3168705,0.4325131,-0.5019144,0.7506948,-0.4295802,-0.1885641,-0.5796985,-0.7927126
315,-0.8441313,-0.3168906,0.4324612,-0.5019028,0.7506923,-0.4295982,-0.1885097,-0.5796909,-0.7927311
319,-0.8441313,-0.3168906,0.4324612,-0.5019028,0.7506923,-0.4295982,-0.1885097,-0.5796909,-0.7927311
323,-0.8441287,-0.3169062,0.4324549,-0.501901,0.7507218,-0.4295491,-0.1885265,-0.5796443,-0.7927612
327,-0.8441477,-0.3169263,0.432403,-0.5018893,0.7507191,-0.4295671,-0.188472,-0.5796366,-0.7927797
331,-0.8441477,-0.3169263,0.432403,-0.5018893,0.7507191,-0.4295671,-0.188472,-0.5796366,-0.7927797
335,-0.8441477,-0.3169263,0.432403,-0.5018893,0.7507191,-0.4295671,-0.188472,-0.5796366,-0.7927797
339,-0.8441477,-0.3169263,0.432403,-0.5018893,0.7507191,-0.4295671,-0.188472,-0.5796366,-0.7927797
343,-0.8441477,-0.3169263,0.432403,-0.5018893,0.7507191,-0.4295671,-0.188472,-0.5796366,-0.7927797
348,-0.8441477,-0.3169263,0.432403,-0.5018893,0.7507191,-0.4295671,-0.188472,-0.5796366,-0.7927797
352,-0.8441477,-0.3169263,0.432403,-0.5018893,0.7507191,-0.4295671,-0.188472,-0.5796366,-0.7927797
356,-0.8441477,-0.3169263,0.432403,-0.5018893,0.7507191,-0.4295671,-0.188472,-0.5796366,-0.7927797
360,-0.8441477,-0.3169263,0.432403,-0.5018893,0.7507191,-0.4295671,-0.188472,-0.5796366,-0.7927797
364,-0.8441477,-0.3169263,0.432403,-0.5018893,0.7507191,-0.4295671,-0.188472,-0.5796366,-0.7927797
368,-0.8441477,-0.3169263,0.432403,-0.5018893,0.7507191,-0.4295671,-0.188472,-0.5796366,-0.7927797
372,-0.8441477,-0.3169263,0.432403,-0.5018893,0.7507191,-0.4295671,-0.188472,-0.5796366,-0.7927797
376,-0.8441504,-0.3169106,0.4324093,-0.5018913,0.7506898,-0.4296163,-0.1884553,-0.5796832,-0.7927496
380,-0.8441504,-0.3169106,0.4324093,-0.5018913,0.7506898,-0.4296163,-0.1884553,-0.5796832,-0.7927496
384,-0.8441504,-0.3169106,0.4324093,-0.5018913,0.7506898,-0.4296163,-0.1884553,-0.5796832,-0.7927496
388,-0.8441504,-0.3169106,0.4324093,-0.5018913,0.7506898,-0.4296163,-0.1884553,-0.5796832,-0.7927496
392,-0.8441504,-0.3169106,0.4324093,-0.5018913,0.7506898,-0.4296163,-0.1884553,-0.5796832,-0.7927496
396,-0.8441504,-0.3169106,0.4324093,-0.5018913,0.7506898,-0.4296163,-0.1884553,-0.5796832,-0.7927496
400,-0.8441504,-0.3169106,0.4324093,-0.5018913,0.7506898,-0.4296163,-0.1884553,-0.5796832,-0.7927496
404,-0.8441504,-0.3169106,0.4324093,-0.5018913,0.7506898,-0.4296163,-0.1884553,-0.5796832,-0.7927496
408,-0.8441504,-0.3169106,0.4324093,-0.5018913,0.7506898,-0.4296163,-0.1884553,-0.5796832,-0.7927496
412,-0.8441504,-0.3169106,0.4324093,-0.5018913,0.7506898,-0.4296163,-0.1884553,-0.5796832,-0.7927496
416,-0.8441755,-0.3168586,0.4323985,-0.5018417,0.7507136,-0.4296325,-0.1884747,-0.5796808,-0.7927468
420,-0.8441945,-0.3168786,0.4323466,-0.5018301,0.7507111,-0.4296506,-0.1884202,-0.5796732,-0.7927653
424,-0.8441755,-0.3168586,0.4323985,-0.5018417,0.7507136,-0.4296325,-0.1884747,-0.5796808,-0.7927468
428,-0.8441755,-0.3168586,0.4323985,-0.5018417,0.7507136,-0.4296325,-0.1884747,-0.5796808,-0.7927468
432,-0.8441504,-0.3169106,0.4324093,-0.5018913,0.7506898,-0.4296163,-0.1884553,-0.5796832,-0.7927496
436,-0.8441945,-0.3168786,0.4323466,-0.5018301,0.7507111,-0.4296506,-0.1884202,-0.5796732,-0.7927653
440,-0.8441945,-0.3168786,0.4323466,-0.5018301,0.7507111,-0.4296506,-0.1884202,-0.5796732,-0.7927653
444,-0.8441945,-0.3168786,0.4323466,-0.5018301,0.7507111,-0.4296506,-0.1884202,-0.5796732,-0.7927653
448,-0.8441945,-0.3168786,0.4323466,-0.5018301,0.7507111,-0.4296506,-0.1884202,-0.5796732,-0.7927653
452,-0.8441694,-0.3169307,0.4323574,-0.5018796,0.7506871,-0.4296344,-0.1884009,-0.5796756,-0.7927682
457,-0.8441694,-0.3169307,0.4323574,-0.5018796,0.7506871,-0.4296344,-0.1884009,-0.5796756,-0.7927682
461,-0.8441694,-0.3169307,0.4323574,-0.5018796,0.7506871,-0.4296344,-0.1884009,-0.5796756,-0.7927682
465,-0.8441694,-0.3169307,0.4323574,-0.5018796,0.7506871,-0.4296344,-0.1884009,-0.5796756,-0.7927682
469,-0.8441694,-0.3169307,0.4323574,-0.5018796,0.7506871,-0.4296344,-0.1884009,-0.5796756,-0.7927682
473,-0.8441694,-0.3169307,0.4323574,-0.5018796,0.7506871,-0.4296344,-0.1884009,-0.5796756,-0.7927682
477,-0.8441694,-0.3169307,0.4323574,-0.5018796,0.7506871,-0.4296344,-0.1884009,-0.5796756,-0.7927682
481,-0.8441694,-0.3169307,0.4323574,-0.5018796,0.7506871,-0.4296344,-0.1884009,-0.5796756,-0.7927682
485,-0.8441694,-0.3169307,0.4323574,-0.5018796,0.7506871,-0.4296344,-0.1884009,-0.5796756,-0.7927682
489,-0.8441694,-0.3169307,0.4323574,-0.5018796,0.7506871,-0.4296344,-0.1884009,-0.5796756,-0.7927682
493,-0.8441694,-0.3169307,0.4323574,-0.5018796,0.7506871,-0.4296344,-0.1884009,-0.5796756,-0.7927682
497,-0.8441694,-0.3169307,0.4323574,-0.5018796,0.7506871,-0.4296344,-0.1884009,-0.5796756,-0.7927682
501,-0.8441694,-0.3169307,0.4323574,-0.5018796,0.7506871,-0.4296344,-0.1884009,-0.5796756,-0.7927682
505,-0.8441694,-0.3169307,0.4323574,-0.5018796,0.7506871,-0.4296344,-0.1884009,-0.5796756,-0.7927682
509,-0.8441694,-0.3169307,0.4323574,-0.5018796,0.7506871,-0.4296344,-0.1884009,-0.5796756,-0.7927682
513,-0.8441694,-0.3169307,0.4323574,-0.5018796,0.7506871,-0.4296344,-0.1884009,-0.5796756,-0.7927682
517,-0.8441694,-0.3169307,0.4323574,-0.5018796,0.7506871,-0.4296344,-0.1884009,-0.5796756,-0.7927682
521,-0.8441694,-0.3169307,0.4323574,-0.5018796,0.7506871,-0.4296344,-0.1884009,-0.5796756,-0.7927682
525,-0.8441694,-0.3169307,0.4323574,-0.5018796,0.7506871,-0.4296344,-0.1884009,-0.5796756,-0.7927682
529,-0.8442135,-0.3168987,0.4322946,-0.5018185,0.7507083,-0.4296686,-0.1883658,-0.5796655,-0.7927839
533,-0.8441945,-0.3168786,0.4323466,-0.5018301,0.7507111,-0.4296506,-0.1884202,-0.5796732,-0.7927653
537,-0.8441945,-0.3168786,0.4323466,-0.5018301,0.7507111,-0.4296506,-0.1884202,-0.5796732,-0.7927653
541,-0.8441694,-0.3169307,0.4323574,-0.5018796,0.7506871,-0.4296344,-0.1884009,-0.5796756,-0.7927682
545,-0.8441945,-0.3168786,0.4323466,-0.5018301,0.7507111,-0.4296506,-0.1884202,-0.5796732,-0.7927653
549,-0.8441694,-0.3169307,0.4323574,-0.5018796,0.7506871,-0.4296344,-0.1884009,-0.5796756,-0.7927682
553,-0.8441694,-0.3169307,0.4323574,-0.5018796,0.7506871,-0.4296344,-0.1884009,-0.5796756,-0.7927682
557,-0.8441694,-0.3169307,0.4323574,-0.5018796,0.7506871,-0.4296344,-0.1884009,-0.5796756,-0.7927682
561,-0.8441972,-0.3169465,0.4322915,-0.5018533,0.7506987,-0.429645,-0.1883462,-0.5796521,-0.7927983
566,-0.8441972,-0.3169465,0.4322915,-0.5018533,0.7506987,-0.429645,-0.1883462,-0.5796521,-0.7927983
570,-0.8441972,-0.3169465,0.4322915,-0.5018533,0.7506987,-0.429645,-0.1883462,-0.5796521,-0.7927983
574,-0.8441972,-0.3169465,0.4322915,-0.5018533,0.7506987,-0.429645,-0.1883462,-0.5796521,-0.7927983
578,-0.8441972,-0.3169465,0.4322915,-0.5018533,0.7506987,-0.429645,-0.1883462,-0.5796521,-0.7927983
582,-0.8441972,-0.3169465,0.4322915,-0.5018533,0.7506987,-0.429645,-0.1883462,-0.5796521,-0.7927983
586,-0.8441972,-0.3169465,0.4322915,-0.5018533,0.7506987,-0.429645,-0.1883462,-0.5796521,-0.7927983
590,-0.8441885,-0.3169508,0.4323055,-0.501868,0.7506846,-0.4296524,-0.1883464,-0.5796679,-0.7927867
594,-0.8442135,-0.3168987,0.4322946,-0.5018185,0.7507083,-0.4296686,-0.1883658,-0.5796655,-0.7927839
598,-0.8442135,-0.3168987,0.4322946,-0.5018185,0.7507083,-0.4296686,-0.1883658,-0.5796655,-0.7927839
602,-0.8442224,-0.3168945,0.4322806,-0.5018038,0.7507225,-0.4296612,-0.1883655,-0.5796496,-0.7927955
606,-0.8442224,-0.3168945,0.4322806,-0.5018038,0.7507225,-0.4296612,-0.1883655,-0.5796496,-0.7927955
610,-0.8442224,-0.3168945,0.4322806,-0.5018038,0.7507225,-0.4296612,-0.1883655,-0.5796496,-0.7927955
614,-0.8442224,-0.3168945,0.4322806,-0.5018038,0.7507225,-0.4296612,-0.1883655,-0.5796496,-0.7927955
618,-0.8442224,-0.3168945,0.4322806,-0.5018038,0.7507225,-0.4296612,-0.1883655,-0.5796496,-0.7927955
622,-0.8442224,-0.3168945,0.4322806,-0.5018038,0.7507225,-0.4296612,-0.1883655,-0.5796496,-0.7927955
626,-0.8442224,-0.3168945,0.4322806,-0.5018038,0.7507225,-0.4296612,-0.1883655,-0.5796496,-0.7927955
630,-0.8442224,-0.3168945,0.4322806,-0.5018038,0.7507225,-0.4296612,-0.1883655,-0.5796496,-0.7927955
634,-0.8442224,-0.3168945,0.4322806,-0.5018038,0.7507225,-0.4296612,-0.1883655,-0.5796496,-0.7927955
638,-0.8442224,-0.3168945,0.4322806,-0.5018038,0.7507225,-0.4296612,-0.1883655,-0.5796496,-0.7927955
642,-0.8442224,-0.3168945,0.4322806,-0.5018038,0.7507225,-0.4296612,-0.1883655,-0.5796496,-0.7927955
646,-0.8442224,-0.3168945,0.4322806,-0.5018038,0.7507225,-0.4296612,-0.1883655,-0.5796496,-0.7927955
650,-0.8442414,-0.3169145,0.4322287,-0.5017922,0.7507198,-0.4296792,-0.1883111,-0.5796419,-0.7928141
654,-0.8442414,-0.3169145,0.4322287,-0.5017922,0.7507198,-0.4296792,-0.1883111,-0.5796419,-0.7928141
658,-0.8442414,-0.3169145,0.4322287,-0.5017922,0.7507198,-0.4296792,-0.1883111,-0.5796419,-0.7928141
662,-0.8442414,-0.3169145,0.4322287,-0.5017922,0.7507198,-0.4296792,-0.1883111,-0.5796419,-0.7928141
666,-0.8442414,-0.3169145,0.4322287,-0.5017922,0.7507198,-0.4296792,-0.1883111,-0.5796419,-0.7928141
670,-0.8442414,-0.3169145,0.4322287,-0.5017922,0.7507198,-0.4296792,-0.1883111,-0.5796419,-0.7928141
675,-0.8442414,-0.3169145,0.4322287,-0.5017922,0.7507198,-0.4296792,-0.1883111,-0.5796419,-0.7928141
679,-0.8441946,-0.3169622,0.4322852,-0.5018514,0.7507281,-0.4295959,-0.188363,-0.5796055,-0.7928284
683,-0.8442137,-0.3169822,0.4322333,-0.5018398,0.7507254,-0.4296139,-0.1883085,-0.5795978,-0.7928469
687,-0.8442137,-0.3169822,0.4322333,-0.5018398,0.7507254,-0.4296139,-0.1883085,-0.5795978,-0.7928469
691,-0.8441946,-0.3169622,0.4322852,-0.5018514,0.7507281,-0.4295959,-0.188363,-0.5796055,-0.7928284
695,-0.8441946,-0.3169622,0.4322852,-0.5018514,0.7507281,-0.4295959,-0.188363,-0.5796055,-0.7928284
699,-0.8441946,-0.3169622,0.4322852,-0.5018514,0.7507281,-0.4295959,-0.188363,-0.5796055,-0.7928284
703,-0.8441946,-0.3169622,0.4322852,-0.5018514,0.7507281,-0.4295959,-0.188363,-0.5796055,-0.7928284
707,-0.8441946,-0.3169622,0.4322852,-0.5018514,0.7507281,-0.4295959,-0.188363,-0.5796055,-0.7928284
711,-0.8441946,-0.3169622,0.4322852,-0.5018514,0.7507281,-0.4295959,-0.188363,-0.5796055,-0.7928284
715,-0.8441946,-0.3169622,0.4322852,-0.5018514,0.7507281,-0.4295959,-0.188363,-0.5796055,-0.7928284
719,-0.8441946,-0.3169622,0.4322852,-0.5018514,0.7507281,-0.4295959,-0.188363,-0.5796055,-0.7928284
723,-0.844192,-0.3169778,0.4322788,-0.5018495,0.7507574,-0.4295467,-0.1883797,-0.5795588,-0.7928585
727,-0.844192,-0.3169778,0.4322788,-0.5018495,0.7507574,-0.4295467,-0.1883797,-0.5795588,-0.7928585
731,-0.844192,-0.3169778,0.4322788,-0.5018495,0.7507574,-0.4295467,-0.1883797,-0.5795588,-0.7928585
735,-0.844192,-0.3169778,0.4322788,-0.5018495,0.7507574,-0.4295467,-0.1883797,-0.5795588,-0.7928585
739,-0.8441669,-0.3170298,0.4322897,-0.5018991,0.7507336,-0.4295305,-0.1883604,-0.5795612,-0.7928614
743,-0.844192,-0.3169778,0.4322788,-0.5018495,0.7507574,-0.4295467,-0.1883797,-0.5795588,-0.7928585
747,-0.844192,-0.3169778,0.4322788,-0.5018495,0.7507574,-0.4295467,-0.1883797,-0.5795588,-0.7928585
751,-0.8441669,-0.3170298,0.4322897,-0.5018991,0.7507336,-0.4295305,-0.1883604,-0.5795612,-0.7928614
755,-0.8441669,-0.3170298,0.4322897,-0.5018991,0.7507336,-0.4295305,-0.1883604,-0.5795612,-0.7928614
759,-0.8441669,-0.3170298,0.4322897,-0.5018991,0.7507336,-0.4295305,-0.1883604,-0.5795612,-0.7928614
763,-0.8441669,-0.3170298,0.4322897,-0.5018991,0.7507336,-0.4295305,-0.1883604,-0.5795612,-0.7928614
767,-0.8441669,-0.3170298,0.4322897,-0.5018991,0.7507336,-0.4295305,-0.1883604,-0.5795612,-0.7928614
771,-0.8441859,-0.3170499,0.4322377,-0.5018874,0.7507309,-0.4295485,-0.1883059,-0.5795535,-0.7928799
775,-0.8441859,-0.3170499,0.4322377,-0.5018874,0.7507309,-0.4295485,-0.1883059,-0.5795535,-0.7928799
779,-0.8441859,-0.3170499,0.4322377,-0.5018874,0.7507309,-0.4295485,-0.1883059,-0.5795535,-0.7928799
784,-0.8441859,-0.3170499,0.4322377,-0.5018874,0.7507309,-0.4295485,-0.1883059,-0.5795535,-0.7928799
788,-0.8441859,-0.3170499,0.4322377,-0.5018874,0.7507309,-0.4295485,-0.1883059,-0.5795535,-0.7928799
792,-0.844211,-0.3169979,0.4322269,-0.5018379,0.7507547,-0.4295647,-0.1883253,-0.5795511,-0.7928771
796,-0.844211,-0.3169979,0.4322269,-0.5018379,0.7507547,-0.4295647,-0.1883253,-0.5795511,-0.7928771
800,-0.8441859,-0.3170499,0.4322377,-0.5018874,0.7507309,-0.4295485,-0.1883059,-0.5795535,-0.7928799
804,-0.8441859,-0.3170499,0.4322377,-0.5018874,0.7507309,-0.4295485,-0.1883059,-0.5795535,-0.7928799
808,-0.8441859,-0.3170499,0.4322377,-0.5018874,0.7507309,-0.4295485,-0.1883059,-0.5795535,-0.7928799
812,-0.8441859,-0.3170499,0.4322377,-0.5018874,0.7507309,-0.4295485,-0.1883059,-0.5795535,-0.7928799
816,-0.8441859,-0.3170499,0.4322377,-0.5018874,0.7507309,-0.4295485,-0.1883059,-0.5795535,-0.7928799
820,-0.8441859,-0.3170499,0.4322377,-0.5018874,0.7507309,-0.4295485,-0.1883059,-0.5795535,-0.7928799
824,-0.8441859,-0.3170499,0.4322377,-0.5018874,0.7507309,-0.4295485,-0.1883059,-0.5795535,-0.7928799
828,-0.8441833,-0.3170655,0.4322314,-0.5018856,0.7507604,-0.4294995,-0.1883227,-0.579507,-0.79291
832,-0.8441859,-0.3170499,0.4322377,-0.5018874,0.7507309,-0.4295485,-0.1883059,-0.5795535,-0.7928799
836,-0.8441643,-0.3170455,0.4322833,-0.5018972,0.7507629,-0.4294814,-0.1883771,-0.5795146,-0.7928914
840,-0.8441643,-0.3170455,0.4322833,-0.5018972,0.7507629,-0.4294814,-0.1883771,-0.5795146,-0.7928914
844,-0.8441392,-0.3170975,0.4322942,-0.5019467,0.750739,-0.4294652,-0.1883578,-0.579517,-0.7928943
848,-0.8441175,-0.3170931,0.4323397,-0.5019563,0.750771,-0.429398,-0.188429,-0.579478,-0.7929059
852,-0.8440733,-0.3171251,0.4324025,-0.5020175,0.7507498,-0.4293637,-0.1884641,-0.5794881,-0.7928902
856,-0.8440151,-0.3171926,0.4324666,-0.5020895,0.7507733,-0.4292386,-0.188533,-0.5794208,-0.792923
860,-0.8439492,-0.3172202,0.4325749,-0.5021603,0.7507837,-0.4291371,-0.1886393,-0.5793918,-0.7929189
864,-0.84391,-0.3176684,0.4323224,-0.5023859,0.7506546,-0.4290993,-0.1882135,-0.5793139,-0.793077
868,-0.8433242,-0.3202404,0.4315674,-0.5042897,0.7491141,-0.4295579,-0.1857315,-0.5798916,-0.79324
872,-0.8419043,-0.32423,0.4313606,-0.5077282,0.7467097,-0.4296935,-0.1827816,-0.5807748,-0.7932789
876,-0.8400716,-0.3289387,0.4313687,-0.5119036,0.7438602,-0.4296817,-0.1795391,-0.5817826,-0.7932809
880,-0.8384177,-0.3330674,0.4314184,-0.5157109,0.7409083,-0.4302292,-0.1763461,-0.583199,-0.7929571
884,-0.8373143,-0.3347843,0.4322317,-0.5177059,0.7396489,-0.4300004,-0.1757423,-0.5838143,-0.7926383
888,-0.8415964,-0.3240692,0.4320818,-0.5082323,0.7459221,-0.430465,-0.1827989,-0.5818757,-0.7924678
893,-0.8421422,-0.3229457,0.4318595,-0.507129,0.7465795,-0.4306264,-0.1833485,-0.5816571,-0.7925013
897,-0.8428448,-0.3219534,0.4312292,-0.505874,0.7473441,-0.4307765,-0.1835866,-0.5812254,-0.7927629
901,-0.8437904,-0.3211655,0.4299657,-0.5043697,0.7483235,-0.4308404,-0.1833823,-0.5804006,-0.7934142
905,-0.8450971,-0.3205874,0.4278254,-0.5024666,0.7496133,-0.4308217,-0.1825875,-0.5790542,-0.7945805
909,-0.8466787,-0.3200977,0.4250561,-0.5001842,0.7512937,-0.4305503,-0.1815238,-0.5771441,-0.7962122
913,-0.8486364,-0.3193656,0.4216894,-0.4973308,0.7532979,-0.4303535,-0.1802176,-0.5749328,-0.7981064
917,-0.8513433,-0.3184133,0.4169262,-0.4934534,0.7558386,-0.4303621,-0.178096,-0.5721197,-0.8006003
921,-0.8546413,-0.31741,0.4109005,-0.4887688,0.7588494,-0.4304098,-0.1751952,-0.5686813,-0.8036841
925,-0.8579516,-0.3162821,0.4048267,-0.4839128,0.7621061,-0.4301427,-0.1724745,-0.5649424,-0.8069031
929,-0.8608181,-0.3150643,0.3996582,-0.4794788,0.7653068,-0.4294251,-0.1705646,-0.5612845,-0.8098564
933,-0.8629283,-0.3138555,0.3960422,-0.4758964,0.7683042,-0.4280553,-0.1699334,-0.5578561,-0.8123541
937,-0.86414,-0.312541,0.3944365,-0.4733145,0.7710378,-0.4259979,-0.1709836,-0.5548143,-0.8142148
941,-0.8643794,-0.3112318,0.3949468,-0.47187,0.7734407,-0.4232352,-0.1737437,-0.5521994,-0.8154072
945,-0.8638464,-0.3100143,0.3970648,-0.4713126,0.7756698,-0.4197626,-0.1778588,-0.5497521,-0.8161733
949,-0.8627768,-0.3090504,0.4001301,-0.4714319,0.7777085,-0.4158382,-0.1826696,-0.5474096,-0.8166851
953,-0.8614829,-0.3081432,0.4036025,-0.471772,0.7796999,-0.4117025,-0.1878256,-0.545083,-0.8170716
957,-0.8600864,-0.3071916,0.4072893,-0.4721431,0.7817064,-0.4074503,-0.1932154,-0.5427413,-0.8173736
961,-0.8585894,-0.3061253,0.4112319,-0.4725024,0.7837529,-0.4030791,-0.1989115,-0.5403875,-0.8175669
965,-0.8570877,-0.3047851,0.4153392,-0.472672,0.7858903,-0.3986951,-0.2048947,-0.5380359,-0.8176402
969,-0.8555819,-0.3031418,0.4196244,-0.4726556,0.7880635,-0.3944015,-0.2111311,-0.5357806,-0.8175346
973,-0.8540805,-0.3011618,0.4240849,-0.472412,0.7903117,-0.3901722,-0.2176543,-0.5335813,-0.8172622
977,-0.8525571,-0.2988828,0.4287371,-0.4719939,0.7925851,-0.3860448,-0.2244285,-0.5314865,-0.8167949
981,-0.8510958,-0.296373,0.4333579,-0.4713468,0.7948873,-0.3820818,-0.2312319,-0.5294501,-0.8162196
985,-0.8496748,-0.293613,0.4380001,-0.4704812,0.7972203,-0.3782688,-0.2381179,-0.5274763,-0.8155174
989,-0.8482414,-0.2907374,0.4426717,-0.469569,0.7994227,-0.3747378,-0.2449315,-0.5257331,-0.8146247
993,-0.8467589,-0.2878328,0.447383,-0.46867,0.8015155,-0.3713775,-0.2516898,-0.5241422,-0.813589
997,-0.8350282,-0.2692975,0.4797987,-0.4657208,0.8102796,-0.3557402,-0.2929712,-0.5205054,-0.8020238
1002,-0.8324928,-0.2657571,0.4861366,-0.4655823,0.8111912,-0.3538389,-0.3003145,-0.5209049,-0.7990427
1006,-0.8297589,-0.2620826,0.4927605,-0.4655314,0.8120077,-0.3520286,-0.3078647,-0.5214943,-0.7957782
1010,-0.8268591,-0.2583405,0.499564,-0.4655962,0.8126874,-0.3503703,-0.3154746,-0.5223019,-0.7922604
1014,-0.8237967,-0.2545114,0.5065401,-0.4657278,0.8132946,-0.3487823,-0.3231973,-0.5232355,-0.7885227
1018,-0.8205391,-0.2506627,0.5136962,-0.4660294,0.8137454,-0.3473253,-0.3309564,-0.5243915,-0.7845262
1022,-0.8170683,-0.2467215,0.5210835,-0.4664742,0.8140538,-0.3460036,-0.3388234,-0.5257805,-0.7802266
1026,-0.8133892,-0.242719,0.5286639,-0.4671227,0.8141435,-0.3449157,-0.3466907,-0.5275016,-0.775595
1030,-0.809426,-0.2385987,0.5365635,-0.4680311,0.8139732,-0.3440853,-0.3546499,-0.52964,-0.7705225
1034,-0.8051648,-0.234422,0.5447532,-0.4693222,0.8134177,-0.3436396,-0.3625553,-0.5323513,-0.7649548
1038,-0.8005942,-0.2301058,0.5532634,-0.4709587,0.8124998,-0.3435722,-0.3704684,-0.5356261,-0.758853
1042,-0.7958006,-0.2255306,0.5619941,-0.4728626,0.8111889,-0.3440542,-0.3782887,-0.5395445,-0.7521897
1046,-0.7908139,-0.2207384,0.5708659,-0.4750022,0.809541,-0.3449874,-0.3859874,-0.5439834,-0.7450475
1050,-0.785596,-0.21581,0.5798836,-0.4773842,0.8076349,-0.346165,-0.3936284,-0.5487731,-0.737499
1054,-0.7802704,-0.2105285,0.5889447,-0.4797352,0.8056235,-0.3475988,-0.4012882,-0.5537585,-0.7296022
1058,-0.7748893,-0.2050265,0.5979219,-0.4819823,0.8036453,-0.3490662,-0.4089493,-0.5586755,-0.7215554
1062,-0.7694419,-0.1992552,0.6068415,-0.4840255,0.801816,-0.3504433,-0.4167476,-0.5633725,-0.7133954
1066,-0.7639906,-0.1932229,0.6156162,-0.4858056,0.8001676,-0.3517455,-0.4246308,-0.5678,-0.7051892
1070,-0.7584687,-0.1869808,0.6243103,-0.4872792,0.798832,-0.3527409,-0.4327633,-0.5717564,-0.697001
1074,-0.752885,-0.1807413,0.6328481,-0.488667,0.7976238,-0.3535548,-0.4408727,-0.5754381,-0.6888412
1078,-0.747254,-0.174511,0.6412155,-0.4899505,0.7965555,-0.3541864,-0.4489543,-0.578831,-0.680731
1082,-0.7416136,-0.1683629,0.6493561,-0.4911893,0.7955613,-0.3547049,-0.4568833,-0.5820107,-0.6726969
1086,-0.7359446,-0.1623057,0.6572993,-0.4923614,0.7946858,-0.3550418,-0.4647211,-0.5849199,-0.6647578
1090,-0.7302251,-0.1563505,0.6650758,-0.4935518,0.7938415,-0.3552773,-0.4724171,-0.5876818,-0.6568502
1094,-0.7244923,-0.1504166,0.6726707,-0.4946493,0.7930986,-0.3554106,-0.4800345,-0.5902283,-0.6489972
1098,-0.7187254,-0.1446161,0.6800882,-0.4957341,0.792429,-0.3553932,-0.487526,-0.592573,-0.6412299
1102,-0.7129129,-0.1389492,0.6873487,-0.4968197,0.7918222,-0.3552289,-0.4948993,-0.5947357,-0.6335331
1106,-0.6777655,-0.1093992,0.7270941,-0.5031247,0.7901197,-0.3501089,-0.5361897,-0.6031107,-0.5905573
1111,-0.6719711,-0.1051767,0.7330707,-0.5039057,0.7903267,-0.3485149,-0.5427098,-0.6035904,-0.5840759
1115,-0.6662299,-0.101143,0.7388557,-0.5046297,0.7906199,-0.3467981,-0.5490779,-0.6038958,-0.5777745
1119,-0.6604729,-0.09732854,0.7445151,-0.5053647,0.7909737,-0.3449162,-0.5553217,-0.6040594,-0.5716031
1123,-0.6547646,-0.09367748,0.7500052,-0.5060704,0.7913719,-0.3429619,-0.5614054,-0.6041148,-0.5655698
1127,-0.649207,-0.09029964,0.7552326,-0.5067798,0.7917812,-0.3409643,-0.5671901,-0.604093,-0.559792
1131,-0.6438112,-0.08716343,0.7602037,-0.5074801,0.7921976,-0.3389496,-0.5726875,-0.6040078,-0.5542594
1135,-0.6385789,-0.08430159,0.764925,-0.5081851,0.7926234,-0.3368917,-0.577897,-0.6038555,-0.5489933
1139,-0.6334562,-0.0816833,0.7694551,-0.5088879,0.7930787,-0.3347523,-0.5828949,-0.6036173,-0.5439483
1143,-0.6284512,-0.07922576,0.7738038,-0.5095729,0.7935413,-0.3326073,-0.5876942,-0.6033369,-0.5390733
1147,-0.6235642,-0.07701297,0.7779695,-0.5102559,0.7940321,-0.3303812,-0.5922892,-0.6029775,-0.5344265
1151,-0.6187231,-0.07477687,0.7820423,-0.5108558,0.7945518,-0.3281973,-0.5968316,-0.6025741,-0.5298079
1155,-0.6139256,-0.07260735,0.7860175,-0.5114167,0.7950954,-0.3260005,-0.6012889,-0.6021225,-0.525262
1159,-0.609271,-0.07048476,0.7898232,-0.5118551,0.7956973,-0.323837,-0.6056345,-0.6015795,-0.5208732
1163,-0.6047338,-0.0683437,0.7934898,-0.5122378,0.7962759,-0.3218026,-0.6098437,-0.6010605,-0.5165433
1167,-0.6003419,-0.06633498,0.7969877,-0.5125141,0.7969339,-0.3197278,-0.6139373,-0.6004134,-0.5124304
1171,-0.5960652,-0.06433412,0.8003545,-0.51272,0.7975974,-0.3177364,-0.6179195,-0.5997494,-0.5084054
1175,-0.5919486,-0.06250269,0.8035486,-0.5128974,0.7982749,-0.3157426,-0.6217179,-0.5990413,-0.5045952
1179,-0.5879611,-0.06079589,0.8066012,-0.5130673,0.7989412,-0.3137749,-0.6253508,-0.5983282,-0.5009388
1183,-0.5840866,-0.0592088,0.809529,-0.5131654,0.7996635,-0.3117689,-0.6288912,-0.5975223,-0.4974565
1187,-0.5804283,-0.05778213,0.8122587,-0.5132513,0.8003629,-0.309826,-0.6321994,-0.5967246,-0.4942101
1191,-0.5769479,-0.05649751,0.8148246,-0.5133294,0.8010451,-0.307928,-0.635314,-0.5959319,-0.4911631
1195,-0.5735695,-0.05529466,0.8172885,-0.5134543,0.8016646,-0.3061025,-0.6382654,-0.5952114,-0.4882016
1199,-0.5705342,-0.05423865,0.8194808,-0.5135854,0.8022017,-0.3044705,-0.6408749,-0.5945843,-0.4855398
1203,-0.5677075,-0.05324397,0.8215067,-0.5136849,0.8027101,-0.3029596,-0.6433009,-0.593988,-0.4830551
1207,-0.5652391,-0.05237058,0.8232631,-0.51373,0.8031836,-0.3016254,-0.645435,-0.5934254,-0.480895
1211,-0.5631084,-0.05169643,0.8247644,-0.5137506,0.8036324,-0.3003916,-0.6472783,-0.5928763,-0.4790913
1215,-0.5575191,-0.05231566,0.828514,-0.5136307,0.8057958,-0.2947484,-0.6521932,-0.5898781,-0.4761175
1220,-0.5575732,-0.05322042,0.82842,-0.5136501,0.8060824,-0.2939299,-0.6521317,-0.5894054,-0.4767866
1224,-0.5577985,-0.05419259,0.8282053,-0.5136304,0.8063725,-0.2931675,-0.6519545,-0.5889198,-0.4776283
1228,-0.5582323,-0.05542452,0.8278314,-0.5136231,0.8066763,-0.2923437,-0.6515889,-0.588389,-0.47878
1232,-0.558664,-0.05656532,0.827463,-0.5136883,0.8068824,-0.2916597,-0.6511674,-0.5879977,-0.479833
1236,-0.5599781,-0.05802881,0.8264727,-0.5135085,0.8071419,-0.291257,-0.6501796,-0.5874984,-0.4817801
1240,-0.5607719,-0.05972318,0.8258135,-0.5135345,0.8074624,-0.2903216,-0.6494745,-0.586888,-0.4834722
1244,-0.5615115,-0.06151591,0.8251791,-0.5135869,0.8078097,-0.2892606,-0.6487936,-0.5862244,-0.4851883
1248,-0.5623154,-0.06350864,0.8244805,-0.5135623,0.8082753,-0.2880014,-0.6481166,-0.5853696,-0.4871213
1252,-0.5632442,-0.06578585,0.8236675,-0.5136166,0.8087279,-0.2866311,-0.6472666,-0.5844926,-0.4893
1256,-0.564302,-0.06811471,0.8227537,-0.5135529,0.8092623,-0.2852327,-0.6463951,-0.5834849,-0.4916489
1260,-0.5656007,-0.07056662,0.8216546,-0.5135139,0.8097405,-0.2839431,-0.6452901,-0.5825294,-0.4942268
1264,-0.5671651,-0.0730665,0.8203567,-0.5133885,0.8102291,-0.2827739,-0.6440156,-0.5815411,-0.4970451
1268,-0.5689594,-0.07556865,0.8188862,-0.5131973,0.8107053,-0.281754,-0.6425837,-0.5805568,-0.5000401
1272,-0.5709309,-0.07807877,0.8172769,-0.5130072,0.8111274,-0.2808838,-0.6409847,-0.5796342,-0.5031528
1276,-0.5732288,-0.08057434,0.8154242,-0.5127004,0.8115483,-0.280228,-0.6391768,-0.5787031,-0.5065133
1280,-0.5757658,-0.08316366,0.8133741,-0.5124366,0.811887,-0.2797285,-0.6371047,-0.5778608,-0.510073
1284,-0.5785024,-0.08583256,0.8111522,-0.5121343,0.8122251,-0.2793009,-0.634865,-0.5769951,-0.5138319
1288,-0.5814144,-0.08857425,0.8087718,-0.5118093,0.8125525,-0.2789441,-0.6324623,-0.5761191,-0.5177628
1292,-0.584608,-0.09133976,0.8061579,-0.5113986,0.8128763,-0.2787541,-0.6298453,-0.5752299,-0.5219249
1296,-0.5879942,-0.0941832,0.8033631,-0.5109482,0.8132001,-0.2786346,-0.6270524,-0.5743126,-0.5262797
1300,-0.5915601,-0.09707372,0.8003957,-0.5104094,0.8135625,-0.278565,-0.6241305,-0.5733175,-0.5308184
1304,-0.5952209,-0.1000591,0.7973081,-0.5097995,0.8139901,-0.2784323,-0.6211413,-0.572196,-0.535514
1308,-0.5989154,-0.1031782,0.7941377,-0.5091983,0.8144438,-0.2782061,-0.6180756,-0.5709955,-0.5403211
1312,-0.6025925,-0.1064591,0.7909163,-0.5085446,0.8150061,-0.2777542,-0.6150322,-0.5695888,-0.5452558
1316,-0.6061409,-0.1099759,0.7877173,-0.5078869,0.8156959,-0.2769319,-0.6120819,-0.5679311,-0.5502819
1320,-0.6095437,-0.1137785,0.7845451,-0.5072749,0.8164901,-0.2757103,-0.6092033,-0.5660375,-0.5554034
1324,-0.6270197,-0.1411079,0.7661167,-0.5032009,0.8241136,-0.2600491,-0.5946722,-0.5485666,-0.5877411
1329,-0.6298714,-0.1460992,0.7628348,-0.5024729,0.8255836,-0.2567742,-0.5922693,-0.5450386,-0.5934224
1333,-0.6328672,-0.1509936,0.7593945,-0.5016726,0.8270369,-0.2536427,-0.5897489,-0.5414895,-0.5991539
1337,-0.6360507,-0.1558921,0.7557362,-0.5008793,0.828423,-0.2506696,-0.5869918,-0.5379712,-0.6050022
1341,-0.6395035,-0.1606009,0.7518262,-0.4999961,0.8297435,-0.2480515,-0.5839856,-0.5345399,-0.6109237
1345,-0.643222,-0.1651366,0.7476599,-0.4991966,0.8308483,-0.2459552,-0.5805758,-0.5314331,-0.6168555
1349,-0.6471539,-0.1694127,0.7432975,-0.4983536,0.8318422,-0.2442989,-0.576919,-0.5285239,-0.6227575
1353,-0.6512434,-0.1734406,0.738783,-0.4975306,0.8326885,-0.2430911,-0.5730143,-0.5258786,-0.6285748
1357,-0.655502,-0.1771951,0.7341111,-0.4966599,0.8334362,-0.2423077,-0.568899,-0.5234367,-0.6343248
1361,-0.6598842,-0.1807532,0.7293018,-0.4957858,0.8340828,-0.2418725,-0.5645789,-0.5211853,-0.6400129
1365,-0.6642886,-0.1842131,0.7244213,-0.4949753,0.8346282,-0.2416509,-0.5601071,-0.5190966,-0.645615
1369,-0.6686601,-0.187504,0.7195387,-0.4942106,0.835081,-0.2416519,-0.5555624,-0.5171866,-0.6510518
1373,-0.6728541,-0.1908236,0.7147403,-0.4935937,0.8354567,-0.2416146,-0.5510287,-0.5153627,-0.6563297
1377,-0.6768898,-0.1941748,0.7100115,-0.4931099,0.8357634,-0.2415409,-0.5465006,-0.5136102,-0.6614693
1381,-0.6806929,-0.1975632,0.7054261,-0.4927768,0.8360111,-0.2413644,-0.5420592,-0.5119126,-0.6664212
1385,-0.6841751,-0.2009104,0.7010987,-0.4925387,0.8362539,-0.2410083,-0.5378755,-0.5102101,-0.6711003
1389,-0.6873676,-0.2042666,0.6969942,-0.4923372,0.8365564,-0.2403694,-0.5339755,-0.5083783,-0.6755898
1393,-0.6901771,-0.2075193,0.693247,-0.4921897,0.8368951,-0.2394907,-0.5304761,-0.5065,-0.6797447
1397,-0.692636,-0.2107178,0.6898213,-0.492038,0.8373333,-0.2382677,-0.5274031,-0.5044511,-0.6836483
1401,-0.6947534,-0.213839,0.6867245,-0.4918976,0.8378456,-0.236752,-0.5247423,-0.5022824,-0.687283
1405,-0.6965767,-0.2168249,0.6839356,-0.4917465,0.8384172,-0.235036,-0.5224617,-0.5000436,-0.6906448
1409,-0.6982092,-0.2197339,0.6813377,-0.4915355,0.839081,-0.2331003,-0.5204775,-0.4976544,-0.6938611
1413,-0.6996161,-0.2226189,0.6789537,-0.4913284,0.8398046,-0.2309213,-0.518781,-0.4951455,-0.6969199
1417,-0.7009534,-0.2255305,0.6766095,-0.491073,0.8406027,-0.228548,-0.5172153,-0.4924661,-0.6999753
1421,-0.7022948,-0.2284496,0.674235,-0.490731,0.8414813,-0.2260368,-0.515718,-0.4896125,-0.7030751
1425,-0.7037671,-0.2313322,0.6717122,-0.4902332,0.8424497,-0.2234948,-0.5141822,-0.4865839,-0.7062951
1429,-0.7054021,-0.2340271,0.6690585,-0.489525,0.8435004,-0.2210719,-0.5126141,-0.4834654,-0.7095689
1433,-0.7188282,-0.2466112,0.6499761,-0.4824333,0.8501447,-0.2109792,-0.5005438,-0.4652279,-0.7300814
1438,-0.7211667,-0.248496,0.6466593,-0.4814863,0.8509309,-0.2099698,-0.4980858,-0.4627809,-0.7333106
1442,-0.7234854,-0.2503345,0.6433519,-0.4806476,0.8516077,-0.2091463,-0.4955269,-0.4605398,-0.7364484
1446,-0.7256991,-0.2520047,0.6401987,-0.4799412,0.8521382,-0.2086071,-0.4929678,-0.4586437,-0.7393434
1450,-0.7278115,-0.2536511,0.6371433,-0.4794354,0.8525045,-0.2082733,-0.4903387,-0.4570527,-0.7420719
1454,-0.729848,-0.2551526,0.6342074,-0.479017,0.8527641,-0.2081725,-0.4877137,-0.4557304,-0.7446107
1458,-0.7318317,-0.2566409,0.6313144,-0.4787181,0.8529229,-0.2082103,-0.4850272,-0.4545965,-0.7470546
1462,-0.7337131,-0.2580834,0.6285364,-0.4785279,0.8529943,-0.2083546,-0.4823651,-0.4536447,-0.7493533
1466,-0.7354872,-0.2595242,0.6258641,-0.4784194,0.85302,-0.2084989,-0.4797641,-0.4527737,-0.7515466
1470,-0.737168,-0.2610111,0.6232628,-0.4784535,0.8529536,-0.2086925,-0.4771431,-0.4520437,-0.7536517
1474,-0.7387282,-0.2625,0.6207854,-0.4785835,0.8528329,-0.208888,-0.474593,-0.4514091,-0.7556397
1478,-0.74014,-0.2640945,0.6184229,-0.4788951,0.8526197,-0.2090434,-0.4720723,-0.4508811,-0.7575315
1482,-0.7413447,-0.2657343,0.6162736,-0.4793444,0.8523545,-0.2090948,-0.46972,-0.4504187,-0.7592669
1486,-0.7424187,-0.2674699,0.6142266,-0.4798998,0.8520602,-0.2090207,-0.4674513,-0.449948,-0.7609442
1490,-0.7433649,-0.2692804,0.6122881,-0.4805743,0.8517157,-0.2088751,-0.4652494,-0.4495203,-0.7625448
1494,-0.7442124,-0.2712026,0.6104072,-0.4813529,0.8513381,-0.2086208,-0.4630845,-0.4490795,-0.7641206
1498,-0.7449974,-0.2731811,0.6085647,-0.4821714,0.8509588,-0.208278,-0.4609659,-0.4485991,-0.7656822
1502,-0.7456576,-0.2755429,0.6066884,-0.483377,0.8503713,-0.2078824,-0.4586299,-0.4482683,-0.7672771
1506,-0.7462158,-0.2783333,0.6047251,-0.4850145,0.8495357,-0.207485,-0.4559856,-0.448129,-0.7689327
1510,-0.7468335,-0.2810614,0.6026974,-0.4865962,0.8487048,-0.2071823,-0.4532812,-0.448001,-0.7706045
1514,-0.7474848,-0.2837128,0.6006442,-0.4881632,0.8478417,-0.2070294,-0.4505143,-0.4479638,-0.7722469
1518,-0.7481867,-0.2862645,0.5985559,-0.4897126,0.8469352,-0.2070799,-0.4476586,-0.4480548,-0.7738531
1522,-0.7488831,-0.2887743,0.5964758,-0.4912837,0.845985,-0.2072429,-0.4447632,-0.4482396,-0.775414
1526,-0.7495582,-0.2911362,0.5944765,-0.492867,0.8449686,-0.2076306,-0.4418651,-0.4486291,-0.7768444
1530,-0.750307,-0.293348,0.5924409,-0.4943801,0.8439334,-0.2082413,-0.4388936,-0.449136,-0.7782347
1534,-0.7509428,-0.2955261,0.5905499,-0.4960085,0.8427981,-0.2089665,-0.4359593,-0.4498396,-0.7794766
1538,-0.7516412,-0.2976246,0.5886043,-0.4975885,0.8416492,-0.2098397,-0.4329448,-0.4506069,-0.7807127
1542,-0.7546578,-0.3088979,0.5788555,-0.507752,0.8337095,-0.2170624,-0.4155472,-0.4577229,-0.7860091
1547,-0.7546309,-0.3105108,0.5780271,-0.5097762,0.8320875,-0.2185377,-0.4131108,-0.4595797,-0.7862099
1551,-0.7543992,-0.3120249,0.5775139,-0.5119452,0.8303353,-0.2201259,-0.4108454,-0.4617183,-0.786144
1555,-0.7538663,-0.313373,0.5774798,-0.5142933,0.8284292,-0.2218278,-0.4088862,-0.4642226,-0.7856905
1559,-0.7530788,-0.3145455,0.5778698,-0.516813,0.8263521,-0.2237106,-0.4071568,-0.4671223,-0.7848694
1563,-0.7521277,-0.3154814,0.5785978,-0.5193127,0.8242599,-0.2256332,-0.4057318,-0.4701782,-0.783782
1567,-0.7510724,-0.3160793,0.5796413,-0.521735,0.8221537,-0.2277182,-0.4045773,-0.4734521,-0.7824067
1571,-0.7499256,-0.3163782,0.5809616,-0.5240832,0.8200424,-0.2299289,-0.4036686,-0.4769018,-0.7807793
1575,-0.7487884,-0.3163235,0.5824564,-0.526207,0.8180365,-0.2322124,-0.4030164,-0.4803706,-0.7789878
1579,-0.747609,-0.3160376,0.5841242,-0.5281951,0.8161073,-0.2344755,-0.402605,-0.4838275,-0.7770587
