Packet number,Element 11, Element 12, Element 13, Element 21, Element 22, Element 23, Element 31, Element 32, Element 33
2,-0.7428069,-0.2334953,0.6274695,-0.5305878,0.7768782,-0.3390234,-0.408307,-0.5847565,-0.7009602
6,-0.7428109,-0.2334739,0.6274727,-0.5305972,0.7768503,-0.339073,-0.4082876,-0.5848023,-0.7009333
10,-0.7429196,-0.2334128,0.6273667,-0.5307355,0.7765346,-0.3395792,-0.4079098,-0.5852458,-0.7007831
15,-0.7429277,-0.2333701,0.627373,-0.5307541,0.7764785,-0.3396783,-0.4078708,-0.5853372,-0.7007294
19,-0.7429096,-0.2332767,0.6274292,-0.5307378,0.7764652,-0.3397339,-0.4079249,-0.5853919,-0.7006522
23,-0.7429137,-0.2332554,0.6274322,-0.5307471,0.7764371,-0.3397835,-0.4079054,-0.5854377,-0.7006254
27,-0.7428828,-0.2332355,0.6274762,-0.5307536,0.7764411,-0.3397644,-0.4079532,-0.5854404,-0.7005953
31,-0.7429055,-0.2331836,0.6274686,-0.5307056,0.7764645,-0.3397865,-0.4079743,-0.5854303,-0.7005914
35,-0.7428788,-0.2331423,0.6275155,-0.5307212,0.7764401,-0.339817,-0.4080025,-0.5854787,-0.7005345
39,-0.7428975,-0.2331118,0.6275048,-0.5306639,0.7764913,-0.3397896,-0.4080431,-0.5854229,-0.7005575
43,-0.7428667,-0.2330918,0.6275486,-0.5306703,0.7764952,-0.3397706,-0.4080908,-0.5854257,-0.7005274
47,-0.7428626,-0.2331132,0.6275455,-0.530661,0.7765234,-0.3397209,-0.4081103,-0.5853799,-0.7005543
51,-0.7428585,-0.2331346,0.6275424,-0.5306517,0.7765514,-0.3396714,-0.4081298,-0.5853342,-0.7005811
55,-0.7428237,-0.233136,0.6275831,-0.5306488,0.7765833,-0.3396027,-0.408197,-0.5852911,-0.7005779
59,-0.7428504,-0.2331773,0.6275361,-0.5306332,0.7766076,-0.3395723,-0.4081688,-0.5852429,-0.7006348
63,-0.7428377,-0.2332508,0.6275238,-0.5306558,0.7766248,-0.3394977,-0.4081624,-0.5851908,-0.7006819
67,-0.742815,-0.2333027,0.6275315,-0.5307038,0.7766017,-0.3394755,-0.4081413,-0.5852008,-0.7006859
71,-0.7427782,-0.2333544,0.6275558,-0.5307679,0.776566,-0.3394563,-0.4081249,-0.5852272,-0.7006733
75,-0.7427514,-0.2334276,0.6275603,-0.5308067,0.776571,-0.3393846,-0.4081233,-0.5851916,-0.700704
79,-0.7427822,-0.2334475,0.6275164,-0.5308003,0.776567,-0.3394037,-0.4080756,-0.5851889,-0.7007341
83,-0.7427287,-0.2334795,0.6275679,-0.5308547,0.7765479,-0.3393625,-0.4081023,-0.5852016,-0.700708
87,-0.7427287,-0.2334795,0.6275679,-0.5308547,0.7765479,-0.3393625,-0.4081023,-0.5852016,-0.700708
91,-0.7427059,-0.2335314,0.6275754,-0.5309027,0.7765245,-0.3393404,-0.4080811,-0.5852116,-0.7007119
95,-0.7427059,-0.2335314,0.6275754,-0.5309027,0.7765245,-0.3393404,-0.4080811,-0.5852116,-0.7007119
99,-0.74271,-0.2335101,0.6275786,-0.530912,0.7764966,-0.33939,-0.4080617,-0.5852574,-0.700685
103,-0.74271,-0.2335101,0.6275786,-0.530912,0.7764966,-0.33939,-0.4080617,-0.5852574,-0.700685
107,-0.7427328,-0.2334581,0.627571,-0.530864,0.7765198,-0.3394122,-0.4080827,-0.5852473,-0.7006811
111,-0.7427328,-0.2334581,0.627571,-0.530864,0.7765198,-0.3394122,-0.4080827,-0.5852473,-0.7006811
115,-0.7427328,-0.2334581,0.627571,-0.530864,0.7765198,-0.3394122,-0.4080827,-0.5852473,-0.7006811
119,-0.7427515,-0.2332777,0.6276159,-0.530904,0.7763501,-0.3397375,-0.4079964,-0.5855443,-0.7004833
124,-0.7427557,-0.2332563,0.627619,-0.5309132,0.7763221,-0.3397871,-0.4079769,-0.58559,-0.7004564
128,-0.7427597,-0.233235,0.6276221,-0.5309226,0.776294,-0.3398366,-0.4079575,-0.5856357,-0.7004296
132,-0.7427638,-0.2332136,0.6276252,-0.5309318,0.7762659,-0.3398862,-0.4079379,-0.5856814,-0.7004027
136,-0.7427416,-0.2331416,0.6276783,-0.5309064,0.7762808,-0.3398922,-0.4080116,-0.5856904,-0.7003523
140,-0.7427416,-0.2331416,0.6276783,-0.5309064,0.7762808,-0.3398922,-0.4080116,-0.5856904,-0.7003523
144,-0.7427416,-0.2331416,0.6276783,-0.5309064,0.7762808,-0.3398922,-0.4080116,-0.5856904,-0.7003523
148,-0.7427416,-0.2331416,0.6276783,-0.5309064,0.7762808,-0.3398922,-0.4080116,-0.5856904,-0.7003523
152,-0.7427416,-0.2331416,0.6276783,-0.5309064,0.7762808,-0.3398922,-0.4080116,-0.5856904,-0.7003523
156,-0.7427107,-0.2331216,0.6277221,-0.5309128,0.7762848,-0.3398731,-0.4080593,-0.5856931,-0.7003222
160,-0.7427067,-0.233143,0.627719,-0.5309035,0.7763128,-0.3398235,-0.4080788,-0.5856474,-0.7003491
164,-0.7427067,-0.233143,0.627719,-0.5309035,0.7763128,-0.3398235,-0.4080788,-0.5856474,-0.7003491
168,-0.7427107,-0.2331216,0.6277221,-0.5309128,0.7762848,-0.3398731,-0.4080593,-0.5856931,-0.7003222
172,-0.742688,-0.2331735,0.6277297,-0.5309608,0.7762616,-0.339851,-0.4080382,-0.5857031,-0.7003261
176,-0.7427188,-0.2331934,0.6276858,-0.5309543,0.7762574,-0.33987,-0.4079904,-0.5857004,-0.7003562
180,-0.7427188,-0.2331934,0.6276858,-0.5309543,0.7762574,-0.33987,-0.4079904,-0.5857004,-0.7003562
184,-0.742731,-0.2332439,0.6276528,-0.5310053,0.7762024,-0.3399166,-0.4079021,-0.5857535,-0.7003633
188,-0.742731,-0.2332439,0.6276528,-0.5310053,0.7762024,-0.3399166,-0.4079021,-0.5857535,-0.7003633
192,-0.742735,-0.2332225,0.6276559,-0.5310146,0.7761744,-0.3399661,-0.4078826,-0.5857992,-0.7003364
196,-0.742735,-0.2332225,0.6276559,-0.5310146,0.7761744,-0.3399661,-0.4078826,-0.5857992,-0.7003364
200,-0.7427022,-0.2332529,0.6276834,-0.5310879,0.7761106,-0.3399965,-0.4078467,-0.5858712,-0.700297
204,-0.7427022,-0.2332529,0.6276834,-0.5310879,0.7761106,-0.3399965,-0.4078467,-0.5858712,-0.700297
208,-0.742733,-0.2332728,0.6276397,-0.5310816,0.776107,-0.3400156,-0.407799,-0.5858686,-0.700327
212,-0.7427471,-0.233273,0.6276228,-0.5310655,0.7761192,-0.3400126,-0.4077943,-0.5858522,-0.7003435
216,-0.7427558,-0.2332209,0.627632,-0.5310336,0.7761301,-0.3400376,-0.4078202,-0.5858585,-0.7003232
220,-0.742725,-0.233201,0.6276758,-0.53104,0.7761341,-0.3400185,-0.4078679,-0.5858612,-0.7002931
224,-0.7427598,-0.2331995,0.6276351,-0.5310428,0.776102,-0.3400872,-0.4078006,-0.5859042,-0.7002963
228,-0.7428665,-0.2331096,0.6275422,-0.5311046,0.7758811,-0.3404942,-0.4075257,-0.5862322,-0.7001817
233,-0.7428706,-0.2330883,0.6275454,-0.5311139,0.7758532,-0.3405437,-0.4075063,-0.586278,-0.7001548
237,-0.7428787,-0.2330455,0.6275516,-0.5311323,0.7757968,-0.3406428,-0.4074673,-0.5863693,-0.7001011
241,-0.7428687,-0.2330239,0.6275715,-0.5311578,0.7757565,-0.3406953,-0.4074525,-0.5864313,-0.7000577
245,-0.7428808,-0.2330744,0.6275384,-0.5312086,0.7757014,-0.3407418,-0.4073642,-0.5864843,-0.7000647
249,-0.7428808,-0.2330744,0.6275384,-0.5312086,0.7757014,-0.3407418,-0.4073642,-0.5864843,-0.7000647
253,-0.7428808,-0.2330744,0.6275384,-0.5312086,0.7757014,-0.3407418,-0.4073642,-0.5864843,-0.7000647
257,-0.742854,-0.2331477,0.6275429,-0.5312474,0.7757063,-0.3406701,-0.4073625,-0.5864487,-0.7000955
261,-0.7428232,-0.2331277,0.6275867,-0.5312538,0.77571,-0.3406511,-0.4074102,-0.5864514,-0.7000655
265,-0.7428232,-0.2331277,0.6275867,-0.5312538,0.77571,-0.3406511,-0.4074102,-0.5864514,-0.7000655
269,-0.7427883,-0.2331292,0.6276276,-0.531251,0.7757423,-0.3405824,-0.4074775,-0.5864084,-0.7000624
273,-0.7427883,-0.2331292,0.6276276,-0.531251,0.7757423,-0.3405824,-0.4074775,-0.5864084,-0.7000624
277,-0.7427883,-0.2331292,0.6276276,-0.531251,0.7757423,-0.3405824,-0.4074775,-0.5864084,-0.7000624
281,-0.7427883,-0.2331292,0.6276276,-0.531251,0.7757423,-0.3405824,-0.4074775,-0.5864084,-0.7000624
285,-0.7428192,-0.2331491,0.6275836,-0.5312445,0.7757381,-0.3406014,-0.4074297,-0.5864056,-0.7000924
289,-0.7428005,-0.2331796,0.6275944,-0.5313018,0.7756869,-0.3406289,-0.4073891,-0.5864614,-0.7000694
293,-0.7428005,-0.2331796,0.6275944,-0.5313018,0.7756869,-0.3406289,-0.4073891,-0.5864614,-0.7000694
297,-0.7428353,-0.2331782,0.6275536,-0.5313046,0.7756549,-0.3406975,-0.4073218,-0.5865043,-0.7000726
301,-0.7428253,-0.2331566,0.6275735,-0.53133,0.7756143,-0.3407499,-0.407307,-0.5865663,-0.7000292
305,-0.7428333,-0.2332285,0.6275374,-0.5313716,0.7755875,-0.340747,-0.4072382,-0.5865737,-0.7000631
309,-0.7428333,-0.2332285,0.6275374,-0.5313716,0.7755875,-0.340747,-0.4072382,-0.5865737,-0.7000631
313,-0.7428682,-0.2332271,0.6274966,-0.5313743,0.7755553,-0.3408155,-0.4071709,-0.5866166,-0.7000663
317,-0.7428495,-0.2332576,0.6275074,-0.5314316,0.7755041,-0.340843,-0.4071303,-0.5866723,-0.7000433
321,-0.7428495,-0.2332576,0.6275074,-0.5314316,0.7755041,-0.340843,-0.4071303,-0.5866723,-0.7000433
325,-0.7428536,-0.2332362,0.6275105,-0.5314409,0.7754757,-0.3408925,-0.4071108,-0.5867179,-0.7000163
329,-0.7428884,-0.2332349,0.6274698,-0.5314437,0.775444,-0.3409612,-0.4070436,-0.5867609,-0.7000194
333,-0.7428743,-0.2332346,0.6274866,-0.5314598,0.7754315,-0.340964,-0.4070482,-0.5867773,-0.700003
337,-0.7428556,-0.2332651,0.6274973,-0.531517,0.77538,-0.3409914,-0.4070075,-0.5868329,-0.69998
342,-0.7428556,-0.2332651,0.6274973,-0.531517,0.77538,-0.3409914,-0.4070075,-0.5868329,-0.69998
346,-0.7428676,-0.2333157,0.6274643,-0.5315679,0.7753251,-0.341038,-0.4069192,-0.5868859,-0.6999869
350,-0.7428676,-0.2333157,0.6274643,-0.5315679,0.7753251,-0.341038,-0.4069192,-0.5868859,-0.6999869
354,-0.7428349,-0.2333459,0.6274918,-0.5316412,0.7752612,-0.3410682,-0.4068833,-0.5869579,-0.6999474
358,-0.7428697,-0.2333445,0.6274511,-0.5316439,0.7752292,-0.3411368,-0.406816,-0.5870008,-0.6999506
362,-0.742851,-0.2333751,0.6274619,-0.5317012,0.775178,-0.3411643,-0.4067753,-0.5870565,-0.6999275
366,-0.742851,-0.2333751,0.6274619,-0.5317012,0.775178,-0.3411643,-0.4067753,-0.5870565,-0.6999275
370,-0.7428859,-0.2333737,0.6274211,-0.5317039,0.7751458,-0.3412329,-0.4067081,-0.5870994,-0.6999305
374,-0.7428672,-0.2334042,0.6274319,-0.5317612,0.7750946,-0.3412603,-0.4066674,-0.587155,-0.6999075
378,-0.7428979,-0.2334242,0.6273881,-0.5317547,0.7750906,-0.3412794,-0.4066197,-0.5871524,-0.6999375
382,-0.7428959,-0.2334744,0.6273718,-0.5318216,0.7750228,-0.3413288,-0.4065359,-0.5872216,-0.699928
386,-0.7429307,-0.2334731,0.6273311,-0.5318244,0.7749908,-0.3413974,-0.4064687,-0.5872646,-0.6999311
390,-0.7429428,-0.2335236,0.627298,-0.5318751,0.7749355,-0.3414439,-0.4063803,-0.5873175,-0.6999381
394,-0.7429241,-0.2335541,0.6273088,-0.5319323,0.7748843,-0.3414713,-0.4063396,-0.587373,-0.6999151
398,-0.7429589,-0.2335528,0.627268,-0.531935,0.774852,-0.3415399,-0.4062723,-0.587416,-0.6999181
402,-0.7429569,-0.233603,0.6272517,-0.5320019,0.7747844,-0.3415894,-0.4061885,-0.5874853,-0.6999086
406,-0.742973,-0.2336322,0.6272218,-0.5320618,0.7747011,-0.3416854,-0.4060806,-0.5875837,-0.6998885
410,-0.7430158,-0.2337027,0.6271448,-0.532106,0.7746416,-0.3417509,-0.4059443,-0.5876338,-0.6999255
414,-0.7430506,-0.2337013,0.627104,-0.5321087,0.7746094,-0.3418196,-0.4058771,-0.5876767,-0.6999285
418,-0.7430319,-0.2337319,0.6271148,-0.5321658,0.7745579,-0.3418469,-0.4058363,-0.5877323,-0.6999055
422,-0.7430298,-0.2337821,0.6270987,-0.5322327,0.7744904,-0.3418964,-0.4057526,-0.5878016,-0.6998959
426,-0.7430686,-0.2337594,0.627061,-0.5322446,0.7744301,-0.3420144,-0.4056658,-0.58789,-0.6998719
430,-0.7430499,-0.23379,0.6270718,-0.5323017,0.7743787,-0.3420419,-0.405625,-0.5879456,-0.6998488
434,-0.7430707,-0.2337884,0.6270478,-0.5323206,0.7743342,-0.3421134,-0.4055624,-0.5880049,-0.6998353
438,-0.743056,-0.2337976,0.6270618,-0.5323868,0.7742546,-0.3421902,-0.4055022,-0.588106,-0.6997852
442,-0.7430908,-0.2337962,0.627021,-0.5323895,0.7742223,-0.3422588,-0.4054348,-0.5881488,-0.6997882
446,-0.7432082,-0.234075,0.6267779,-0.5327399,0.7737727,-0.3427304,-0.404759,-0.5886296,-0.6997752
451,-0.7432242,-0.2341042,0.626748,-0.5327996,0.7736892,-0.3428263,-0.404651,-0.5887279,-0.699755
455,-0.7432709,-0.2341535,0.6266742,-0.5328528,0.7736015,-0.3429414,-0.4044951,-0.5888234,-0.6997647
459,-0.7433177,-0.2342028,0.6266003,-0.5329059,0.7735139,-0.3430565,-0.4043392,-0.5889189,-0.6997744
463,-0.7433503,-0.2342518,0.6265433,-0.5329751,0.7734135,-0.3431745,-0.4041879,-0.5890309,-0.6997676
467,-0.7433969,-0.234301,0.6264694,-0.5330282,0.7733259,-0.3432896,-0.404032,-0.5891264,-0.6997772
471,-0.7434208,-0.2344022,0.6264034,-0.5331293,0.7732152,-0.3433827,-0.4038549,-0.5892317,-0.6997908
475,-0.7434268,-0.2344099,0.6263934,-0.5332141,0.7730907,-0.343531,-0.4037318,-0.5893919,-0.699727
479,-0.7434734,-0.2344592,0.6263195,-0.5332671,0.7730029,-0.343646,-0.4035759,-0.5894873,-0.6997365
483,-0.74351,-0.234487,0.6262657,-0.5333453,0.7728745,-0.3438135,-0.403405,-0.5896447,-0.6997025
487,-0.7435338,-0.2345881,0.6261995,-0.5334462,0.7727634,-0.3439066,-0.4032278,-0.5897499,-0.6997159
491,-0.7435845,-0.2346161,0.6261289,-0.5335082,0.7726474,-0.3440711,-0.4030523,-0.5898908,-0.6996983
495,-0.743617,-0.2346652,0.6260719,-0.5335773,0.7725471,-0.3441891,-0.4029008,-0.5900026,-0.6996912
499,-0.7436677,-0.2346933,0.6260012,-0.5336392,0.7724311,-0.3443536,-0.4027253,-0.5901434,-0.6996735
503,-0.7436507,-0.2347529,0.625999,-0.5337717,0.7722833,-0.3444798,-0.4025809,-0.5903132,-0.6996135
507,-0.7436914,-0.2347594,0.6259482,-0.5338588,0.7721263,-0.3446966,-0.4023903,-0.5905159,-0.6995521
511,-0.7437091,-0.2348178,0.6259052,-0.5339937,0.7719459,-0.3448914,-0.4021783,-0.5907283,-0.6994945
515,-0.7437539,-0.2348031,0.6258576,-0.5340897,0.7717606,-0.3451576,-0.4019682,-0.5909764,-0.6994058
519,-0.7437757,-0.2348401,0.6258177,-0.5342335,0.7715518,-0.3454017,-0.4017366,-0.5912341,-0.699321
523,-0.7438511,-0.2348455,0.6257261,-0.5343226,0.7713621,-0.3456871,-0.4014784,-0.5914793,-0.6992619
527,-0.7439075,-0.2348816,0.6256455,-0.5344687,0.7711211,-0.3459997,-0.4011795,-0.5917796,-0.6991795
531,-0.7439769,-0.2348442,0.625577,-0.5345917,0.7708619,-0.3463866,-0.4008866,-0.5921319,-0.6990492
535,-0.7440833,-0.2347553,0.6254838,-0.5346506,0.7706386,-0.3467927,-0.4006104,-0.592458,-0.6989313
539,-0.7441674,-0.2346038,0.6254406,-0.534734,0.7703621,-0.347278,-0.400343,-0.5928773,-0.6987289
543,-0.7442639,-0.2344934,0.6253672,-0.5348176,0.7700971,-0.3477362,-0.4000517,-0.5932649,-0.6985667
547,-0.7443568,-0.2342899,0.6253328,-0.5348691,0.7698309,-0.3482463,-0.39981,-0.5936907,-0.6983433
551,-0.7444499,-0.2340864,0.6252984,-0.5349203,0.7695645,-0.3487564,-0.3995682,-0.5941164,-0.6981196
555,-0.744941,-0.2331204,0.6250742,-0.5352076,0.7681842,-0.3513483,-0.3982658,-0.5962783,-0.6970198
560,-0.7450475,-0.233032,0.6249803,-0.5352651,0.7679589,-0.3517533,-0.3979894,-0.596603,-0.6968997
564,-0.7451227,-0.233038,0.6248883,-0.5353526,0.7677675,-0.352038,-0.3977306,-0.5968471,-0.6968385
568,-0.7452161,-0.2330231,0.6247824,-0.5354325,0.7675599,-0.3523686,-0.397448,-0.5971196,-0.6967663
572,-0.7452955,-0.233008,0.6246935,-0.5355287,0.7673396,-0.3527023,-0.3971696,-0.5974087,-0.6966773
576,-0.7454324,-0.2329402,0.6245553,-0.5355787,0.7671097,-0.3531265,-0.3968451,-0.5977305,-0.6965862
580,-0.7455768,-0.2329445,0.6243814,-0.5356694,0.7668522,-0.3535478,-0.3964512,-0.598059,-0.6965284
584,-0.7456983,-0.2330008,0.6242153,-0.5358077,0.7665713,-0.3539469,-0.3960357,-0.598397,-0.6964746
588,-0.7457868,-0.2330873,0.6240771,-0.5360186,0.7662256,-0.3543762,-0.3955832,-0.598806,-0.6963801
592,-0.7459123,-0.2331225,0.6239141,-0.5361651,0.7659155,-0.3548244,-0.3951479,-0.5991888,-0.6962979
596,-0.7460376,-0.2331578,0.6237509,-0.5363113,0.7656052,-0.3552725,-0.3947125,-0.5995713,-0.6962156
600,-0.7461457,-0.2330995,0.6236435,-0.5364416,0.7652807,-0.3557754,-0.3943312,-0.6000086,-0.6960551
604,-0.7462234,-0.2330208,0.62358,-0.5365785,0.7649596,-0.356259,-0.3939977,-0.6004484,-0.6958647
608,-0.7462937,-0.23287,0.6235521,-0.5366745,0.7646657,-0.356745,-0.3937337,-0.6008811,-0.6956405
612,-0.7463337,-0.2326988,0.6235682,-0.5367774,0.7643755,-0.3572116,-0.3935176,-0.6013164,-0.6953866
616,-0.7463621,-0.2324765,0.6236171,-0.5368308,0.7641413,-0.3576318,-0.3933906,-0.6016997,-0.6951268
620,-0.7463561,-0.232255,0.6237069,-0.5368828,0.7639402,-0.3579836,-0.3933313,-0.6020408,-0.694865
624,-0.7463171,-0.2319098,0.6238819,-0.5368611,0.7638094,-0.358295,-0.3934348,-0.6023397,-0.6945474
628,-0.746292,-0.2315648,0.6240401,-0.5368232,0.7636914,-0.3586032,-0.3935342,-0.6026219,-0.6942462
632,-0.7462921,-0.2311175,0.6242057,-0.5366719,0.7636656,-0.358884,-0.3937401,-0.602826,-0.693952
636,-0.7462401,-0.2305769,0.6244677,-0.5365036,0.7636583,-0.3591515,-0.3940679,-0.6030424,-0.6935779
640,-0.7461818,-0.2300282,0.6247397,-0.5362524,0.7637782,-0.3592718,-0.3945199,-0.6031003,-0.6932706
644,-0.7460442,-0.2294591,0.6251132,-0.5360232,0.7639222,-0.3593079,-0.3950914,-0.6031348,-0.692915
648,-0.7459852,-0.2289102,0.6253849,-0.535772,0.7640415,-0.3594285,-0.3955432,-0.603192,-0.6926073
652,-0.7459378,-0.2284122,0.6256234,-0.5355701,0.7641044,-0.3595952,-0.3959057,-0.6033009,-0.6923053
656,-0.745986,-0.2279544,0.6257329,-0.5353556,0.764126,-0.359869,-0.3961051,-0.6034468,-0.692064
660,-0.7461202,-0.2277039,0.6256641,-0.5351833,0.764127,-0.3601237,-0.3960852,-0.6035405,-0.6919938
664,-0.7458503,-0.2291159,0.6254705,-0.5364078,0.7633075,-0.3600394,-0.3949355,-0.6040426,-0.6922126
669,-0.7454895,-0.2296348,0.6257102,-0.5369134,0.76315,-0.3596192,-0.3949297,-0.6040446,-0.6922144
673,-0.745061,-0.2301844,0.6260186,-0.5374899,0.7629603,-0.3591605,-0.3949542,-0.6040751,-0.6921737
677,-0.7445973,-0.2307345,0.6263676,-0.5380645,0.7628031,-0.3586332,-0.3950462,-0.6040635,-0.6921313
681,-0.7440942,-0.2313067,0.6267543,-0.5386285,0.762708,-0.3579885,-0.3952254,-0.603965,-0.692115
685,-0.7435732,-0.2319736,0.6271261,-0.5392062,0.7626601,-0.3572204,-0.3954183,-0.6037698,-0.6921751
689,-0.7429779,-0.2326635,0.6275759,-0.5397713,0.7627066,-0.3562663,-0.3957661,-0.6034454,-0.6922592
693,-0.7424009,-0.2333232,0.6280137,-0.5402793,0.7628046,-0.355285,-0.3961555,-0.6030667,-0.6923665
697,-0.7418478,-0.233996,0.6284168,-0.5406967,0.7630249,-0.3541756,-0.3966219,-0.6025273,-0.6925691
701,-0.7414343,-0.2345863,0.6286847,-0.5409803,0.7632796,-0.3531921,-0.3970081,-0.6019748,-0.6928282
705,-0.7414269,-0.23533,0.6284153,-0.5411004,0.7635211,-0.3524849,-0.3968582,-0.6013776,-0.6934324
709,-0.7419629,-0.2363731,0.6273905,-0.5409716,0.7638459,-0.351979,-0.3960312,-0.6005558,-0.6946164
713,-0.7425829,-0.2376216,0.6261842,-0.5408864,0.7641481,-0.351454,-0.3949842,-0.5996782,-0.6959695
717,-0.7430595,-0.2386,0.625246,-0.5407811,0.7644508,-0.3509572,-0.3942314,-0.5989033,-0.6970627
721,-0.7433065,-0.238965,0.6248129,-0.5406484,0.7646466,-0.3507348,-0.3939477,-0.5985076,-0.6975628
725,-0.7434306,-0.2388523,0.6247084,-0.5404574,0.7647676,-0.3507654,-0.3939756,-0.598398,-0.697641
729,-0.7434429,-0.238121,0.6249729,-0.539988,0.7650589,-0.3508531,-0.3945956,-0.5983171,-0.69736
733,-0.743286,-0.2372199,0.6255019,-0.5393708,0.7656207,-0.3505766,-0.3957335,-0.5979562,-0.6970246
737,-0.7429701,-0.2362,0.6262626,-0.5386543,0.7663963,-0.3499828,-0.3972995,-0.5973659,-0.6966398
741,-0.7425172,-0.2351635,0.6271892,-0.5379364,0.7672732,-0.3491648,-0.3991146,-0.5966488,-0.6962166
745,-0.7420868,-0.2340257,0.6281235,-0.5371022,0.7682408,-0.3483206,-0.4010341,-0.5958506,-0.6957971
749,-0.7415698,-0.2327761,0.6291975,-0.5362537,0.7692295,-0.3474445,-0.4031206,-0.5950639,-0.6952645
753,-0.7409835,-0.2314726,0.6303681,-0.5355254,0.7700586,-0.3467309,-0.4051616,-0.5945001,-0.6945602
757,-0.7403915,-0.2302199,0.6315214,-0.5348614,0.7708181,-0.3460678,-0.4071164,-0.594002,-0.6938428
761,-0.7398124,-0.2289968,0.6326438,-0.5342549,0.7714925,-0.345501,-0.4089613,-0.593599,-0.6931024
765,-0.7392837,-0.2278669,0.6336689,-0.5336652,0.7721475,-0.3449485,-0.4106836,-0.5931818,-0.6924408
769,-0.7387508,-0.2269024,0.6346358,-0.5331637,0.7727638,-0.3443441,-0.412291,-0.5927492,-0.6918558
773,-0.7361823,-0.2263214,0.6378199,-0.5335117,0.7739305,-0.3411697,-0.4164143,-0.5914474,-0.6904991
778,-0.7359353,-0.2266709,0.6379808,-0.5339684,0.7736562,-0.3410774,-0.4162655,-0.5916725,-0.690396
782,-0.7357278,-0.226997,0.6381041,-0.5344377,0.773321,-0.341103,-0.4160299,-0.5919859,-0.6902694
786,-0.7355704,-0.2274372,0.6381289,-0.5349162,0.7729946,-0.3410923,-0.4156932,-0.5922428,-0.6902518
790,-0.7355158,-0.2282488,0.6379019,-0.5355123,0.7726199,-0.3410057,-0.4150217,-0.5924194,-0.6905043
794,-0.7355442,-0.2291076,0.6375613,-0.5361653,0.7721243,-0.3411024,-0.4141275,-0.5927342,-0.690771
798,-0.7357031,-0.2298228,0.6371205,-0.5368329,0.771428,-0.3416276,-0.4129787,-0.5933638,-0.6909183
802,-0.7359859,-0.2302733,0.6366309,-0.5374059,0.7706259,-0.3425353,-0.4117276,-0.5942304,-0.6909201
806,-0.7363118,-0.2305556,0.6361518,-0.5379261,0.7697716,-0.3436384,-0.4104638,-0.5952277,-0.6908137
810,-0.7366641,-0.2307653,0.6356677,-0.5384058,0.7689103,-0.3448128,-0.4092007,-0.5962585,-0.690674
814,-0.7370386,-0.2309241,0.6351758,-0.5388361,0.7680711,-0.3460095,-0.4079582,-0.5972779,-0.6905282
818,-0.7375394,-0.2308848,0.6346084,-0.5391258,0.7672228,-0.3474369,-0.4066682,-0.5983822,-0.690333
822,-0.7381206,-0.2307419,0.6339844,-0.5393205,0.7663867,-0.348977,-0.4053535,-0.5995079,-0.6901296
826,-0.7388361,-0.2304645,0.6332515,-0.5393652,0.7655814,-0.3506714,-0.4039882,-0.6006425,-0.6899436
830,-0.7396789,-0.230055,0.6324159,-0.5392249,0.7648652,-0.3524456,-0.402631,-0.6017109,-0.6898059
834,-0.7405436,-0.2295952,0.6315704,-0.5390337,0.76417,-0.354241,-0.4012952,-0.6027687,-0.6896608
838,-0.7414322,-0.229035,0.6307307,-0.538726,0.7635654,-0.3560087,-0.4000657,-0.6037474,-0.689519
842,-0.742267,-0.2283828,0.6299849,-0.5383982,0.762977,-0.3577616,-0.3989575,-0.6047373,-0.6892936
846,-0.7431751,-0.2276198,0.6291899,-0.537891,0.7625272,-0.3594795,-0.3979498,-0.6055918,-0.689126
850,-0.7440534,-0.226787,0.6284523,-0.5373229,0.762149,-0.3611276,-0.3970752,-0.60638,-0.6889373
854,-0.7449569,-0.2259968,0.627666,-0.5367367,0.7617937,-0.3627451,-0.3961728,-0.6071209,-0.6888043
858,-0.7458635,-0.2251862,0.6268802,-0.536157,0.7614071,-0.3644101,-0.3952509,-0.6079064,-0.6886411
862,-0.7468562,-0.2244596,0.6259583,-0.5355444,0.7610356,-0.3660834,-0.3942056,-0.6086401,-0.6885922
866,-0.7479037,-0.2238065,0.6249405,-0.5349543,0.7606146,-0.3678171,-0.393019,-0.6094064,-0.6885927
870,-0.7490301,-0.2233199,0.6237646,-0.5344355,0.7600998,-0.3696312,-0.3915773,-0.6102268,-0.6886876
874,-0.750259,-0.2228975,0.6224372,-0.533874,0.7595838,-0.3714984,-0.3899871,-0.6110231,-0.6888837
878,-0.7515486,-0.2226225,0.6209782,-0.5333735,0.7589915,-0.3734228,-0.3881849,-0.6118587,-0.6891599
882,-0.7611811,-0.2216823,0.6094754,-0.5286894,0.7563962,-0.3851651,-0.3756206,-0.6154036,-0.6929557
887,-0.7631903,-0.2214559,0.6070402,-0.5273975,0.7562793,-0.3871607,-0.3733529,-0.6156288,-0.6939803
891,-0.7653396,-0.2211374,0.6044449,-0.5258979,0.7562778,-0.3891988,-0.3710617,-0.6157455,-0.6951049
895,-0.7676076,-0.2208714,0.6016597,-0.52427,0.7563725,-0.3912055,-0.3686727,-0.6157244,-0.6963935
899,-0.7700062,-0.220584,0.5986928,-0.5224887,0.7565426,-0.393254,-0.3661911,-0.6156182,-0.6977953
903,-0.7725085,-0.2202336,0.5955902,-0.5205691,0.756762,-0.3953719,-0.3636459,-0.615474,-0.699252
907,-0.7750531,-0.2198307,0.5924249,-0.518591,0.7569686,-0.3975705,-0.3610487,-0.6153644,-0.7006929
911,-0.7777011,-0.2194573,0.5890835,-0.516505,0.7572275,-0.399786,-0.3583343,-0.6151786,-0.7022476
915,-0.780367,-0.2190836,0.5856874,-0.5144074,0.7574515,-0.4020597,-0.3555452,-0.6150361,-0.7037885
919,-0.7830498,-0.2187099,0.5822361,-0.5122977,0.7576402,-0.4043913,-0.3526812,-0.6149368,-0.7053147
923,-0.7857172,-0.2183353,0.578773,-0.5101776,0.7578278,-0.4067134,-0.3498104,-0.6148388,-0.7068281
927,-0.7884867,-0.2179699,0.575133,-0.5079542,0.7580381,-0.4090978,-0.3468017,-0.6147093,-0.7084215
931,-0.7912726,-0.2176976,0.5713978,-0.5057496,0.7582181,-0.4114884,-0.3436641,-0.6145838,-0.7100576
935,-0.79412,-0.2175058,0.5675074,-0.5034981,0.7584167,-0.4138763,-0.3403866,-0.6144063,-0.7117878
939,-0.7969652,-0.2173864,0.563551,-0.5012588,0.7586035,-0.4162458,-0.3370255,-0.6142183,-0.7135473
943,-0.7997836,-0.2173035,0.559576,-0.4989949,0.7588511,-0.4185079,-0.3336916,-0.6139414,-0.7153502
947,-0.8025739,-0.2171641,0.5556213,-0.4966744,0.7591547,-0.4207125,-0.3304388,-0.6136158,-0.7171373
951,-0.8053328,-0.2169861,0.5516847,-0.4942912,0.759544,-0.4228111,-0.3272847,-0.6131965,-0.71894
955,-0.8080428,-0.2168032,0.5477802,-0.4919019,0.7599676,-0.4248318,-0.3241903,-0.6127364,-0.7207322
959,-0.8107285,-0.2165066,0.5439157,-0.4893968,0.7605144,-0.4267417,-0.3212633,-0.6121622,-0.7225284
963,-0.8134403,-0.2161922,0.5399777,-0.4868163,0.7611089,-0.4286291,-0.3183156,-0.6115341,-0.7243626
967,-0.8160993,-0.2157973,0.5361094,-0.4841919,0.761761,-0.4304395,-0.3154996,-0.6108612,-0.7261601
971,-0.818792,-0.2154393,0.532133,-0.4815373,0.7624051,-0.4322731,-0.3125723,-0.6101837,-0.7279934
975,-0.8215225,-0.2150438,0.5280691,-0.4787975,0.7630787,-0.4341242,-0.3096025,-0.609481,-0.7298487
979,-0.824276,-0.2145758,0.5239525,-0.4760134,0.763693,-0.4361014,-0.3065621,-0.6088763,-0.7316347
983,-0.8270909,-0.2141298,0.5196818,-0.473197,0.7642338,-0.4382137,-0.3033237,-0.6083544,-0.7334164
987,-0.8299407,-0.2137776,0.5152645,-0.470392,0.7647125,-0.4403934,-0.2998829,-0.6078768,-0.7352252
991,-0.8471194,-0.2136903,0.4865442,-0.4548831,0.7649243,-0.4560395,-0.2747183,-0.6076406,-0.7451864
996,-0.8499219,-0.2142511,0.4813825,-0.4525983,0.7646416,-0.4587784,-0.2697914,-0.6077988,-0.7468556
1000,-0.8526865,-0.2149793,0.4761405,-0.4503845,0.7643341,-0.4614621,-0.2647256,-0.6079288,-0.7485606
1004,-0.8554001,-0.2158843,0.4708339,-0.4482174,0.7640942,-0.4639623,-0.2595993,-0.6079094,-0.7503695
1008,-0.8580368,-0.2169136,0.4655334,-0.4461335,0.7638498,-0.4663671,-0.2544363,-0.6078501,-0.7521837
1012,-0.860594,-0.2180824,0.4602368,-0.4441298,0.7636329,-0.4686295,-0.2492521,-0.6077046,-0.7540348
1016,-0.8630157,-0.219336,0.4550776,-0.442265,0.7633909,-0.4707823,-0.2441426,-0.6075574,-0.755823
1020,-0.8653872,-0.2205984,0.4499348,-0.4403793,0.7632318,-0.4728038,-0.2391048,-0.6073003,-0.7576379
1024,-0.8677252,-0.2218893,0.4447675,-0.438392,0.7633467,-0.4744619,-0.2342339,-0.6066851,-0.7596497
1028,-0.8700302,-0.223161,0.4395982,-0.4363301,0.7636276,-0.4759084,-0.2294851,-0.6058646,-0.761751
1032,-0.8722983,-0.2245471,0.4343666,-0.4342896,0.7639853,-0.4771993,-0.224696,-0.604901,-0.7639414
1036,-0.8745332,-0.2258993,0.42914,-0.4322616,0.7642696,-0.4785829,-0.2198672,-0.6040374,-0.7660269
1040,-0.8767425,-0.2271425,0.4239443,-0.4301934,0.7645164,-0.4800506,-0.2150725,-0.6032588,-0.7679991
1044,-0.8789399,-0.2283413,0.4187182,-0.4280625,0.7648171,-0.4814738,-0.2103025,-0.6024241,-0.7699727
1048,-0.8810856,-0.2293946,0.4136017,-0.4258556,0.7652304,-0.4827724,-0.2057552,-0.6014984,-0.7719226
1052,-0.8831974,-0.2303699,0.4085242,-0.4236166,0.765655,-0.4840675,-0.201274,-0.6005848,-0.7738131
1056,-0.8853077,-0.2312227,0.403443,-0.4212649,0.7661678,-0.485307,-0.196891,-0.5996025,-0.7757002
1060,-0.8874086,-0.2320291,0.3983321,-0.4188523,0.7667336,-0.4865002,-0.1925324,-0.5985668,-0.7775918
1064,-0.8894818,-0.2327681,0.3932444,-0.4163929,0.7673546,-0.4876309,-0.188253,-0.597483,-0.7794709
1068,-0.8915702,-0.2334163,0.3880971,-0.4138059,0.768092,-0.4886709,-0.1840305,-0.5962813,-0.7813971
1072,-0.8936338,-0.23402,0.3829533,-0.4111566,0.7689604,-0.489541,-0.1799135,-0.5949242,-0.7833878
1076,-0.8956546,-0.2344725,0.3779226,-0.4084363,0.7699367,-0.4902826,-0.1760188,-0.5934812,-0.7853646
1080,-0.8976129,-0.2348407,0.373016,-0.4056968,0.7710338,-0.4908333,-0.1723403,-0.5919097,-0.7873638
1084,-0.8995355,-0.2351276,0.3681724,-0.4029141,0.7722291,-0.4912458,-0.168808,-0.5902349,-0.7893837
1088,-0.9014377,-0.2352808,0.363391,-0.4000487,0.773528,-0.4915441,-0.1654422,-0.5884705,-0.791411
1092,-0.9033482,-0.2354261,0.3585201,-0.3971092,0.7749363,-0.4917092,-0.1620691,-0.5865563,-0.7935272
1096,-0.9052465,-0.2355035,0.3536479,-0.3941019,0.7764515,-0.4917384,-0.1587844,-0.5845178,-0.7956924
1100,-0.9166053,-0.2351625,0.3233162,-0.3749472,0.7862987,-0.4910693,-0.138742,-0.5713432,-0.808899
1105,-0.9184756,-0.2348332,0.3182074,-0.3715375,0.7880692,-0.4908223,-0.1355081,-0.5690343,-0.8110718
1109,-0.9202799,-0.23442,0.3132605,-0.3681715,0.7898089,-0.4905629,-0.1324181,-0.5667887,-0.8131519
1113,-0.9219405,-0.2340186,0.3086438,-0.3650758,0.7912328,-0.4905818,-0.1294038,-0.5649656,-0.814904
1117,-0.9235329,-0.2336953,0.3040946,-0.3621784,0.7922439,-0.4910972,-0.12615,-0.5636809,-0.8163027
1121,-0.9252476,-0.2332743,0.2991657,-0.3590183,0.7932162,-0.4918472,-0.1225678,-0.5624864,-0.8176712
1125,-0.9270388,-0.232828,0.2939222,-0.3556715,0.7942142,-0.4926676,-0.1187304,-0.5612617,-0.8190778
1129,-0.9288571,-0.2324055,0.288465,-0.3522623,0.795082,-0.4937164,-0.114611,-0.5602073,-0.8203853
1133,-0.9306438,-0.2320381,0.2829494,-0.3489049,0.79577,-0.4949903,-0.1103061,-0.5593821,-0.8215377
1137,-0.9323946,-0.2316916,0.2774154,-0.3455914,0.7962731,-0.4965035,-0.1058627,-0.5588095,-0.8225114
1141,-0.9341118,-0.2314815,0.2717561,-0.3423437,0.796634,-0.4981719,-0.1011725,-0.5583823,-0.8233914
1145,-0.9357921,-0.2314193,0.2659667,-0.3391602,0.7968839,-0.4999464,-0.09624733,-0.5580512,-0.8242059
1149,-0.9373305,-0.2316129,0.260321,-0.336275,0.796998,-0.5017104,-0.09127268,-0.5578078,-0.8249362
1153,-0.9388222,-0.2319438,0.2545878,-0.3334577,0.7970468,-0.5035098,-0.08613248,-0.5576004,-0.8256288
1157,-0.9403139,-0.2321951,0.2487875,-0.3305116,0.7972654,-0.5051036,-0.08106709,-0.5571831,-0.826423
1161,-0.9417763,-0.2324111,0.2429865,-0.3275093,0.7976695,-0.5064201,-0.07612526,-0.5565149,-0.8273429
1165,-0.9431997,-0.2324688,0.2373448,-0.3244443,0.7982464,-0.5074826,-0.07148573,-0.5556626,-0.828329
1169,-0.9445958,-0.2323937,0.2318015,-0.3213041,0.7990257,-0.5082536,-0.06710039,-0.554573,-0.8294253
1173,-0.945976,-0.2321004,0.226404,-0.3180506,0.7999918,-0.5087796,-0.06303336,-0.5533013,-0.8305929
1177,-0.9473539,-0.2316093,0.221083,-0.314661,0.801185,-0.50901,-0.05923689,-0.5517788,-0.8318841
1181,-0.948683,-0.2310124,0.2159485,-0.3112809,0.802518,-0.5089884,-0.0557199,-0.5500894,-0.8332449
1185,-0.9499956,-0.2302577,0.2109261,-0.3078299,0.803985,-0.508772,-0.0524328,-0.5482605,-0.8346624
1189,-0.9512669,-0.2293708,0.2061076,-0.304387,0.8054969,-0.5084522,-0.04939495,-0.5464102,-0.8360599
1193,-0.95254,-0.2282655,0.201401,-0.3008265,0.8071129,-0.5080078,-0.04659273,-0.5444845,-0.8374758
1197,-0.9537863,-0.227041,0.1968352,-0.2972495,0.8087816,-0.507459,-0.04398273,-0.5425166,-0.8388928
1201,-0.9549714,-0.2257202,0.1925617,-0.2937596,0.8104357,-0.5068525,-0.04165198,-0.5405965,-0.8402503
1205,-0.956135,-0.2244619,0.1882093,-0.2902983,0.8119627,-0.5064025,-0.03915086,-0.538826,-0.8415068
1209,-0.9627113,-0.2166085,0.1620727,-0.2695115,0.819873,-0.5051451,-0.02346033,-0.5299895,-0.8476797
1214,-0.9636692,-0.2154603,0.1578563,-0.266292,0.8209127,-0.505164,-0.02074346,-0.5288468,-0.8484638
1218,-0.9645717,-0.2143938,0.1537428,-0.2632043,0.8218497,-0.5052589,-0.01802906,-0.5278242,-0.8491623
1222,-0.9654048,-0.2134732,0.1497425,-0.260306,0.8227011,-0.505375,-0.01530929,-0.5268703,-0.8498079
1226,-0.966195,-0.2125686,0.1458827,-0.2575004,0.8234959,-0.5055177,-0.01267656,-0.5259936,-0.8503941
1230,-0.9669006,-0.2117376,0.1423738,-0.2549465,0.8241783,-0.5057,-0.01026569,-0.5252594,-0.8508803
1234,-0.967536,-0.2109018,0.1392641,-0.2526019,0.824733,-0.5059721,-0.008145273,-0.5247246,-0.8512331
1238,-0.9681493,-0.2100278,0.1362911,-0.2502988,0.8252056,-0.506346,-0.00612139,-0.524332,-0.8514919
1242,-0.968767,-0.2089716,0.1334966,-0.247934,0.8257852,-0.5065644,-0.00438197,-0.5238413,-0.8518046
1246,-0.9693712,-0.2078105,0.130898,-0.245583,0.8264975,-0.5065479,-0.0029209,-0.5231793,-0.8522176
1250,-0.9699955,-0.2064147,0.1284589,-0.2431164,0.8273584,-0.5063324,-0.001767083,-0.5223706,-0.8527167
1254,-0.9706048,-0.2048736,0.1263058,-0.2406772,0.8281898,-0.5061385,-0.0009107903,-0.5216594,-0.8531533
1258,-0.9712092,-0.203222,0.1243121,-0.2382281,0.8290307,-0.5059203,-0.0002444547,-0.520969,-0.8535755
1262,-0.9718009,-0.2014317,0.1225896,-0.2358027,0.8299116,-0.505612,0.0001077495,-0.5202612,-0.8540072
1266,-0.972375,-0.1995884,0.1210426,-0.233424,0.8307887,-0.5052754,0.0002863268,-0.5195714,-0.854427
1270,-0.9729092,-0.1977209,0.1198087,-0.2311874,0.8316398,-0.5049034,0.0001923124,-0.5189234,-0.8548207
1274,-0.9734513,-0.1956703,0.118768,-0.2288944,0.8325522,-0.5044444,-0.0001757678,-0.5182373,-0.8552368
1278,-0.9739735,-0.1935562,0.1179473,-0.2266605,0.8335301,-0.5038379,-0.0007917093,-0.5174587,-0.8557078
1282,-0.9744562,-0.191429,0.1174314,-0.2245714,0.8345417,-0.503098,-0.001693858,-0.5166187,-0.8562139
1286,-0.9749023,-0.1892692,0.1172296,-0.2226149,0.8355077,-0.5023641,-0.00286418,-0.5158529,-0.8566724
1290,-0.9752925,-0.1872252,0.1172656,-0.2208785,0.8363639,-0.5017052,-0.004144909,-0.5152107,-0.8570535
1294,-0.9756709,-0.1851421,0.1174247,-0.2191701,0.8371866,-0.5010816,-0.005535054,-0.5146267,-0.8573964
1298,-0.9760195,-0.1830762,0.117767,-0.2175674,0.8380542,-0.5003295,-0.007096726,-0.5139536,-0.8577886
1302,-0.9763589,-0.1809981,0.1181651,-0.2159797,0.8389475,-0.4995196,-0.00872223,-0.5132317,-0.8582058
1306,-0.9766511,-0.1789573,0.1188571,-0.2145741,0.8396773,-0.498899,-0.01051993,-0.5127539,-0.8584712
1310,-0.9769056,-0.1769934,0.1197023,-0.2133112,0.8403515,-0.4983048,-0.01239536,-0.5123307,-0.8586988
1314,-0.9771137,-0.1750678,0.120831,-0.2122263,0.8409031,-0.4978372,-0.01445188,-0.512087,-0.858812
1318,-0.9777896,-0.1660307,0.1279117,-0.2081086,0.841518,-0.4985359,-0.02486773,-0.5140827,-0.85738
1323,-0.9777696,-0.1650124,0.1293737,-0.2080094,0.841113,-0.4992604,-0.0264337,-0.5150726,-0.8567389
1327,-0.9777331,-0.1640472,0.1308678,-0.2079799,0.8406177,-0.5001064,-0.02796867,-0.5161885,-0.8560182
1331,-0.9776514,-0.163125,0.1326197,-0.2081233,0.8401102,-0.5008987,-0.02970608,-0.5173055,-0.855285
1335,-0.977496,-0.1623664,0.1346798,-0.2085731,0.8395112,-0.5017152,-0.03160346,-0.5185152,-0.8544842
1339,-0.9773064,-0.1617823,0.1367432,-0.2091854,0.8387786,-0.5026847,-0.03337172,-0.5198817,-0.8535862
1343,-0.9770972,-0.1611464,0.138971,-0.2098415,0.8380857,-0.5035664,-0.03532173,-0.5211952,-0.8527063
1347,-0.9768591,-0.1604615,0.1414159,-0.2105654,0.837514,-0.5042148,-0.03753071,-0.5223241,-0.8519208
1351,-0.9765804,-0.1596852,0.1441922,-0.2113811,0.8370451,-0.5046521,-0.0401099,-0.5233129,-0.8511962
1355,-0.9762263,-0.1589308,0.1473876,-0.2124259,0.8367088,-0.5047708,-0.04309685,-0.5240795,-0.8505782
1359,-0.9758124,-0.1580658,0.151014,-0.2135867,0.836578,-0.5044976,-0.04659119,-0.5245497,-0.850104
1363,-0.9753122,-0.157139,0.1551563,-0.2149473,0.8366235,-0.5038437,-0.05063387,-0.5247554,-0.8497459
1367,-0.9747205,-0.156158,0.1597956,-0.2164914,0.8369256,-0.5026799,-0.05523953,-0.5245668,-0.8495753
1371,-0.9740365,-0.1551277,0.1648891,-0.218205,0.8373829,-0.501175,-0.06032918,-0.5241424,-0.8494911
1375,-0.9732403,-0.1539613,0.1705848,-0.2200727,0.8380985,-0.4991582,-0.06611585,-0.523342,-0.8495539
1379,-0.9723683,-0.1527521,0.176541,-0.2219952,0.8390075,-0.4967741,-0.07223593,-0.5222386,-0.8497345
1383,-0.9713887,-0.1514494,0.1829402,-0.2240212,0.8400713,-0.4940595,-0.07885785,-0.5209063,-0.8499636
1387,-0.9703112,-0.1500809,0.1896626,-0.2261077,0.8412669,-0.4910653,-0.08585741,-0.5193703,-0.8502253
1391,-0.9691768,-0.1485764,0.1965235,-0.2281066,0.8425359,-0.4879556,-0.09307943,-0.5177435,-0.8504574
1395,-0.9679705,-0.1470451,0.2034965,-0.2301113,0.843775,-0.4848632,-0.1004086,-0.5161601,-0.8505862
1399,-0.9667177,-0.1455197,0.2104304,-0.2320964,0.8448765,-0.4819908,-0.1076485,-0.5147891,-0.8505316
1403,-0.9654083,-0.144099,0.2173067,-0.2341712,0.8457008,-0.4795352,-0.1146759,-0.5138342,-0.8501905
1407,-0.9640534,-0.1427169,0.2241271,-0.236302,0.8462139,-0.4775806,-0.1215006,-0.5133749,-0.8495197
1411,-0.9626473,-0.14145,0.2308725,-0.2385211,0.8465505,-0.4758784,-0.1281322,-0.513171,-0.8486682
1415,-0.9612026,-0.1404463,0.2374119,-0.2409152,0.8466174,-0.4745509,-0.1343482,-0.5133357,-0.8476066
1419,-0.9597085,-0.1396375,0.2438463,-0.2434619,0.846507,-0.4734473,-0.1403065,-0.5137387,-0.8463963
1423,-0.9581627,-0.139123,0.2501379,-0.2462547,0.8461244,-0.4726861,-0.1458862,-0.5145078,-0.8449845
1427,-0.9472612,-0.1406369,0.2879538,-0.2674406,0.8419797,-0.4685568,-0.1765549,-0.5208562,-0.8351869
1432,-0.9449455,-0.1415267,0.2950392,-0.2718776,0.8413149,-0.4671956,-0.1821002,-0.521689,-0.8334747
1436,-0.9423876,-0.1423862,0.3027076,-0.2765619,0.840703,-0.465545,-0.1881999,-0.5224411,-0.8316466
1440,-0.9395937,-0.1431853,0.3109047,-0.2813929,0.8402721,-0.463423,-0.1948891,-0.5229157,-0.8298057
1444,-0.9365432,-0.1440263,0.3195986,-0.286417,0.8400483,-0.4607431,-0.2021191,-0.5230442,-0.8279931
1448,-0.9332719,-0.1448903,0.3286491,-0.2915323,0.8400498,-0.4575209,-0.2097913,-0.5228032,-0.8262351
1452,-0.9298003,-0.1457326,0.3379844,-0.2966645,0.8402576,-0.4538254,-0.2178568,-0.5222349,-0.8245054
1456,-0.926128,-0.1465753,0.3475668,-0.3018704,0.840511,-0.4499062,-0.2261885,-0.5215909,-0.8226674
1460,-0.9223365,-0.1472913,0.3572123,-0.3069648,0.8407981,-0.4459047,-0.2346656,-0.5209258,-0.8207121
1464,-0.9184408,-0.1479163,0.3668615,-0.3119837,0.8410376,-0.4419527,-0.2431722,-0.5203622,-0.8185906
1468,-0.9145425,-0.1484793,0.3762524,-0.316832,0.8412174,-0.4381444,-0.2514547,-0.5199105,-0.8163722
1472,-0.910605,-0.1490235,0.3854745,-0.3216591,0.841199,-0.4346487,-0.2594879,-0.5197846,-0.8139349
1476,-0.9066492,-0.1494736,0.3945184,-0.3264216,0.8409691,-0.4315319,-0.2672752,-0.5200275,-0.8112555
1480,-0.9026939,-0.1498828,0.4033346,-0.3311644,0.8404938,-0.4288363,-0.274725,-0.520678,-0.8083444
1484,-0.8987448,-0.1502305,0.4119328,-0.3358436,0.8398542,-0.4264433,-0.2818987,-0.5216087,-0.8052685
1488,-0.8947923,-0.150596,0.4203185,-0.3405644,0.8389835,-0.4244088,-0.288726,-0.5229033,-0.8020034
1492,-0.8909054,-0.1509797,0.4283606,-0.3452296,0.8379571,-0.4226635,-0.2951342,-0.5244359,-0.7986631
1496,-0.8871058,-0.1514252,0.4360202,-0.3498308,0.8368198,-0.4211304,-0.3011007,-0.5261205,-0.795321
1500,-0.8833513,-0.152055,0.4433619,-0.3544664,0.8356085,-0.4196571,-0.306666,-0.5278615,-0.7920342
1504,-0.8796349,-0.1528399,0.4504247,-0.3590735,0.8344238,-0.418095,-0.3119434,-0.5295065,-0.7888689
1508,-0.8758906,-0.1539036,0.4573066,-0.3637364,0.833342,-0.4162175,-0.3170353,-0.5309001,-0.7858968
1512,-0.8721156,-0.1552344,0.4640223,-0.3684714,0.8323238,-0.4140845,-0.3219366,-0.5321085,-0.7830819
1516,-0.8682525,-0.1570793,0.4705993,-0.3734011,0.8314611,-0.4113927,-0.3266638,-0.5329151,-0.7805718
1520,-0.8643016,-0.1591517,0.4771304,-0.3783311,0.8308017,-0.4082083,-0.3314337,-0.5333284,-0.7782754
1524,-0.860308,-0.1615236,0.4835083,-0.3832202,0.8303949,-0.4044585,-0.3361732,-0.533249,-0.7762945
1528,-0.8561517,-0.1642022,0.4899407,-0.3881493,0.8302568,-0.4000171,-0.3410929,-0.5326455,-0.7745607
1532,-0.8519084,-0.1671019,0.4963154,-0.3930043,0.8303729,-0.3950044,-0.3461209,-0.5315617,-0.7730734
1536,-0.824367,-0.1835373,0.5354746,-0.418052,0.8351951,-0.3573259,-0.3816431,-0.518424,-0.7652354
1541,-0.8198447,-0.1851271,0.5418326,-0.4210024,0.8362735,-0.3512889,-0.3880871,-0.5161151,-0.7635533
1545,-0.8154445,-0.1861699,0.5480793,-0.4236475,0.837164,-0.3459468,-0.3944274,-0.5142928,-0.7615312
1549,-0.8112512,-0.1865299,0.5541463,-0.4259355,0.8378118,-0.3415413,-0.4005626,-0.5131063,-0.7591255
1553,-0.8073098,-0.1862144,0.5599777,-0.4279273,0.8381441,-0.3382196,-0.4063607,-0.5126778,-0.7563283
1557,-0.8036429,-0.1854673,0.5654733,-0.4297656,0.8381457,-0.3358769,-0.4116548,-0.512946,-0.7532773
1561,-0.8002858,-0.1843905,0.5705635,-0.4314588,0.8378668,-0.3343987,-0.4163963,-0.5137892,-0.7500899
1565,-0.7972104,-0.1832357,0.575222,-0.4331231,0.8373514,-0.3335366,-0.4205472,-0.5150408,-0.746909
1569,-0.7943546,-0.1821107,0.579514,-0.4348642,0.8365893,-0.3331835,-0.424139,-0.5166758,-0.7437421
1573,-0.7917251,-0.1810846,0.5834208,-0.4367447,0.8355471,-0.3333392,-0.4271129,-0.518719,-0.7406114
1577,-0.7892668,-0.179978,0.5870824,-0.4386629,0.8342893,-0.3339708,-0.4296892,-0.5211233,-0.7374264
1581,-0.7870553,-0.1787347,0.5904217,-0.4405215,0.8328525,-0.3351081,-0.4318388,-0.523842,-0.7342375
1585,-0.7849001,-0.1776401,0.5936124,-0.4424509,0.8313733,-0.336237,-0.4337845,-0.5265568,-0.7311422
